Station ID,Time,Out,In,Delta
302,2017-08-01 00:00:00,0,0,0
302,2017-08-01 06:00:00,8,2,-6
302,2017-08-01 12:00:00,1,9,8
302,2017-08-01 18:00:00,3,3,0
302,2017-08-02 00:00:00,0,0,0
302,2017-08-02 06:00:00,6,3,-3
302,2017-08-02 12:00:00,2,1,-1
302,2017-08-02 18:00:00,3,3,0
302,2017-08-03 00:00:00,0,1,1
302,2017-08-03 06:00:00,8,4,-4
302,2017-08-03 12:00:00,3,5,2
302,2017-08-03 18:00:00,7,8,1
302,2017-08-04 00:00:00,0,0,0
302,2017-08-04 06:00:00,7,2,-5
302,2017-08-04 12:00:00,4,5,1
302,2017-08-04 18:00:00,7,9,2
302,2017-08-05 00:00:00,0,1,1
302,2017-08-05 06:00:00,6,9,3
302,2017-08-05 12:00:00,3,2,-1
302,2017-08-05 18:00:00,8,1,-7
302,2017-08-06 00:00:00,0,1,1
302,2017-08-06 06:00:00,7,9,2
302,2017-08-06 12:00:00,6,13,7
302,2017-08-06 18:00:00,6,1,-5
302,2017-08-07 00:00:00,0,0,0
302,2017-08-07 06:00:00,2,0,-2
302,2017-08-07 12:00:00,7,6,-1
302,2017-08-07 18:00:00,1,5,4
302,2017-08-08 00:00:00,0,0,0
302,2017-08-08 06:00:00,3,0,-3
302,2017-08-08 12:00:00,1,4,3
302,2017-08-08 18:00:00,3,6,3
302,2017-08-09 00:00:00,0,1,1
302,2017-08-09 06:00:00,3,0,-3
302,2017-08-09 12:00:00,1,0,-1
302,2017-08-09 18:00:00,0,2,2
302,2017-08-10 00:00:00,0,0,0
302,2017-08-10 06:00:00,5,3,-2
302,2017-08-10 12:00:00,8,5,-3
302,2017-08-10 18:00:00,4,11,7
302,2017-08-11 00:00:00,0,0,0
302,2017-08-11 06:00:00,5,4,-1
302,2017-08-11 12:00:00,3,7,4
302,2017-08-11 18:00:00,4,2,-2
302,2017-08-12 00:00:00,0,2,2
302,2017-08-12 06:00:00,4,4,0
302,2017-08-12 12:00:00,10,8,-2
302,2017-08-12 18:00:00,11,11,0
302,2017-08-13 00:00:00,0,2,2
302,2017-08-13 06:00:00,4,5,1
302,2017-08-13 12:00:00,24,21,-3
302,2017-08-13 18:00:00,5,5,0
302,2017-08-14 00:00:00,0,0,0
302,2017-08-14 06:00:00,5,2,-3
302,2017-08-14 12:00:00,2,3,1
302,2017-08-14 18:00:00,9,3,-6
302,2017-08-15 00:00:00,1,0,-1
302,2017-08-15 06:00:00,8,1,-7
302,2017-08-15 12:00:00,1,11,10
302,2017-08-15 18:00:00,9,10,1
302,2017-08-16 00:00:00,0,0,0
302,2017-08-16 06:00:00,7,3,-4
302,2017-08-16 12:00:00,7,3,-4
302,2017-08-16 18:00:00,15,14,-1
302,2017-08-17 00:00:00,0,2,2
302,2017-08-17 06:00:00,8,6,-2
302,2017-08-17 12:00:00,6,2,-4
302,2017-08-17 18:00:00,7,12,5
302,2017-08-18 00:00:00,0,0,0
302,2017-08-18 06:00:00,7,5,-2
302,2017-08-18 12:00:00,5,5,0
302,2017-08-18 18:00:00,9,11,2
302,2017-08-19 00:00:00,0,0,0
302,2017-08-19 06:00:00,4,4,0
302,2017-08-19 12:00:00,7,17,10
302,2017-08-19 18:00:00,0,2,2
302,2017-08-20 00:00:00,0,4,4
302,2017-08-20 06:00:00,2,5,3
302,2017-08-20 12:00:00,17,25,8
302,2017-08-20 18:00:00,0,0,0
302,2017-08-21 00:00:00,0,0,0
302,2017-08-21 06:00:00,3,1,-2
302,2017-08-21 12:00:00,3,4,1
302,2017-08-21 18:00:00,3,2,-1
302,2017-08-22 00:00:00,0,0,0
302,2017-08-22 06:00:00,8,5,-3
302,2017-08-22 12:00:00,4,5,1
302,2017-08-22 18:00:00,4,9,5
302,2017-08-23 00:00:00,1,0,-1
302,2017-08-23 06:00:00,5,3,-2
302,2017-08-23 12:00:00,6,10,4
302,2017-08-23 18:00:00,6,5,-1
302,2017-08-24 00:00:00,0,1,1
302,2017-08-24 06:00:00,8,5,-3
302,2017-08-24 12:00:00,9,7,-2
302,2017-08-24 18:00:00,4,11,7
302,2017-08-25 00:00:00,0,0,0
302,2017-08-25 06:00:00,9,2,-7
302,2017-08-25 12:00:00,6,7,1
302,2017-08-25 18:00:00,9,13,4
302,2017-08-26 00:00:00,0,0,0
302,2017-08-26 06:00:00,7,4,-3
302,2017-08-26 12:00:00,21,26,5
302,2017-08-26 18:00:00,8,9,1
302,2017-08-27 00:00:00,1,0,-1
302,2017-08-27 06:00:00,1,1,0
302,2017-08-27 12:00:00,17,12,-5
302,2017-08-27 18:00:00,2,2,0
302,2017-08-28 00:00:00,2,1,-1
302,2017-08-28 06:00:00,7,13,6
302,2017-08-28 12:00:00,32,42,10
302,2017-08-28 18:00:00,4,5,1
302,2017-08-29 00:00:00,0,0,0
302,2017-08-29 06:00:00,7,3,-4
302,2017-08-29 12:00:00,6,7,1
302,2017-08-29 18:00:00,7,5,-2
302,2017-08-30 00:00:00,0,1,1
302,2017-08-30 06:00:00,7,2,-5
302,2017-08-30 12:00:00,2,3,1
302,2017-08-30 18:00:00,2,7,5
302,2017-08-31 00:00:00,0,0,0
302,2017-08-31 06:00:00,4,4,0
302,2017-08-31 12:00:00,3,5,2
302,2017-08-31 18:00:00,3,1,-2
302,2017-09-01 00:00:00,0,0,0
302,2017-09-01 06:00:00,10,5,-5
302,2017-09-01 12:00:00,5,9,4
302,2017-09-01 18:00:00,0,0,0
302,2017-09-02 00:00:00,0,0,0
302,2017-09-02 06:00:00,9,9,0
302,2017-09-02 12:00:00,25,33,8
302,2017-09-02 18:00:00,9,12,3
302,2017-09-03 00:00:00,0,1,1
302,2017-09-03 06:00:00,6,10,4
302,2017-09-03 12:00:00,15,15,0
302,2017-09-03 18:00:00,6,8,2
302,2017-09-04 00:00:00,0,0,0
302,2017-09-04 06:00:00,4,4,0
302,2017-09-04 12:00:00,3,4,1
302,2017-09-04 18:00:00,6,8,2
302,2017-09-05 00:00:00,0,0,0
302,2017-09-05 06:00:00,9,1,-8
302,2017-09-05 12:00:00,2,4,2
302,2017-09-05 18:00:00,5,10,5
302,2017-09-06 00:00:00,0,1,1
302,2017-09-06 06:00:00,14,10,-4
302,2017-09-06 12:00:00,6,9,3
302,2017-09-06 18:00:00,11,15,4
302,2017-09-07 00:00:00,2,1,-1
302,2017-09-07 06:00:00,12,3,-9
302,2017-09-07 12:00:00,2,4,2
302,2017-09-07 18:00:00,8,11,3
302,2017-09-08 00:00:00,0,0,0
302,2017-09-08 06:00:00,4,1,-3
302,2017-09-08 12:00:00,3,9,6
302,2017-09-08 18:00:00,1,3,2
302,2017-09-09 00:00:00,0,0,0
302,2017-09-09 06:00:00,10,7,-3
302,2017-09-09 12:00:00,17,22,5
302,2017-09-09 18:00:00,1,4,3
302,2017-09-10 00:00:00,2,0,-2
302,2017-09-10 06:00:00,4,6,2
302,2017-09-10 12:00:00,19,20,1
302,2017-09-10 18:00:00,5,11,6
302,2017-09-11 00:00:00,0,0,0
302,2017-09-11 06:00:00,10,2,-8
302,2017-09-11 12:00:00,1,1,0
302,2017-09-11 18:00:00,6,6,0
302,2017-09-12 00:00:00,0,0,0
302,2017-09-12 06:00:00,9,2,-7
302,2017-09-12 12:00:00,4,6,2
302,2017-09-12 18:00:00,4,6,2
302,2017-09-13 00:00:00,0,0,0
302,2017-09-13 06:00:00,12,3,-9
302,2017-09-13 12:00:00,1,5,4
302,2017-09-13 18:00:00,6,14,8
302,2017-09-14 00:00:00,0,0,0
302,2017-09-14 06:00:00,10,3,-7
302,2017-09-14 12:00:00,4,4,0
302,2017-09-14 18:00:00,4,12,8
302,2017-09-15 00:00:00,1,2,1
302,2017-09-15 06:00:00,12,4,-8
302,2017-09-15 12:00:00,5,14,9
302,2017-09-15 18:00:00,2,7,5
302,2017-09-16 00:00:00,2,3,1
302,2017-09-16 06:00:00,5,5,0
302,2017-09-16 12:00:00,5,15,10
302,2017-09-16 18:00:00,3,5,2
302,2017-09-17 00:00:00,0,1,1
302,2017-09-17 06:00:00,3,4,1
302,2017-09-17 12:00:00,9,11,2
302,2017-09-17 18:00:00,1,0,-1
302,2017-09-18 00:00:00,0,1,1
302,2017-09-18 06:00:00,9,2,-7
302,2017-09-18 12:00:00,1,5,4
302,2017-09-18 18:00:00,1,5,4
302,2017-09-19 00:00:00,0,0,0
302,2017-09-19 06:00:00,10,2,-8
302,2017-09-19 12:00:00,1,4,3
302,2017-09-19 18:00:00,7,11,4
607,2017-08-01 00:00:00,1,1,0
607,2017-08-01 06:00:00,17,13,-4
607,2017-08-01 12:00:00,14,12,-2
607,2017-08-01 18:00:00,12,18,6
607,2017-08-02 00:00:00,0,0,0
607,2017-08-02 06:00:00,6,15,9
607,2017-08-02 12:00:00,7,1,-6
607,2017-08-02 18:00:00,10,10,0
607,2017-08-03 00:00:00,0,0,0
607,2017-08-03 06:00:00,9,13,4
607,2017-08-03 12:00:00,7,6,-1
607,2017-08-03 18:00:00,18,12,-6
607,2017-08-04 00:00:00,2,0,-2
607,2017-08-04 06:00:00,13,13,0
607,2017-08-04 12:00:00,9,6,-3
607,2017-08-04 18:00:00,8,12,4
607,2017-08-05 00:00:00,2,0,-2
607,2017-08-05 06:00:00,4,6,2
607,2017-08-05 12:00:00,20,25,5
607,2017-08-05 18:00:00,15,21,6
607,2017-08-06 00:00:00,0,1,1
607,2017-08-06 06:00:00,8,4,-4
607,2017-08-06 12:00:00,11,10,-1
607,2017-08-06 18:00:00,12,14,2
607,2017-08-07 00:00:00,0,0,0
607,2017-08-07 06:00:00,16,13,-3
607,2017-08-07 12:00:00,21,15,-6
607,2017-08-07 18:00:00,13,10,-3
607,2017-08-08 00:00:00,1,0,-1
607,2017-08-08 06:00:00,12,13,1
607,2017-08-08 12:00:00,9,7,-2
607,2017-08-08 18:00:00,8,8,0
607,2017-08-09 00:00:00,0,0,0
607,2017-08-09 06:00:00,7,4,-3
607,2017-08-09 12:00:00,0,1,1
607,2017-08-09 18:00:00,3,3,0
607,2017-08-10 00:00:00,0,0,0
607,2017-08-10 06:00:00,12,16,4
607,2017-08-10 12:00:00,12,8,-4
607,2017-08-10 18:00:00,14,15,1
607,2017-08-11 00:00:00,0,1,1
607,2017-08-11 06:00:00,10,12,2
607,2017-08-11 12:00:00,13,13,0
607,2017-08-11 18:00:00,4,6,2
607,2017-08-12 00:00:00,3,0,-3
607,2017-08-12 06:00:00,1,1,0
607,2017-08-12 12:00:00,11,13,2
607,2017-08-12 18:00:00,6,11,5
607,2017-08-13 00:00:00,2,3,1
607,2017-08-13 06:00:00,5,5,0
607,2017-08-13 12:00:00,27,32,5
607,2017-08-13 18:00:00,13,17,4
607,2017-08-14 00:00:00,0,0,0
607,2017-08-14 06:00:00,7,11,4
607,2017-08-14 12:00:00,17,13,-4
607,2017-08-14 18:00:00,19,15,-4
607,2017-08-15 00:00:00,1,0,-1
607,2017-08-15 06:00:00,10,16,6
607,2017-08-15 12:00:00,15,5,-10
607,2017-08-15 18:00:00,15,18,3
607,2017-08-16 00:00:00,0,0,0
607,2017-08-16 06:00:00,7,15,8
607,2017-08-16 12:00:00,20,10,-10
607,2017-08-16 18:00:00,7,8,1
607,2017-08-17 00:00:00,0,2,2
607,2017-08-17 06:00:00,12,14,2
607,2017-08-17 12:00:00,16,9,-7
607,2017-08-17 18:00:00,13,13,0
607,2017-08-18 00:00:00,0,1,1
607,2017-08-18 06:00:00,15,15,0
607,2017-08-18 12:00:00,9,12,3
607,2017-08-18 18:00:00,12,14,2
607,2017-08-19 00:00:00,1,0,-1
607,2017-08-19 06:00:00,7,8,1
607,2017-08-19 12:00:00,24,18,-6
607,2017-08-19 18:00:00,2,4,2
607,2017-08-20 00:00:00,0,0,0
607,2017-08-20 06:00:00,6,5,-1
607,2017-08-20 12:00:00,7,10,3
607,2017-08-20 18:00:00,0,1,1
607,2017-08-21 00:00:00,0,1,1
607,2017-08-21 06:00:00,11,14,3
607,2017-08-21 12:00:00,13,8,-5
607,2017-08-21 18:00:00,11,14,3
607,2017-08-22 00:00:00,0,0,0
607,2017-08-22 06:00:00,12,14,2
607,2017-08-22 12:00:00,16,17,1
607,2017-08-22 18:00:00,14,11,-3
607,2017-08-23 00:00:00,0,0,0
607,2017-08-23 06:00:00,12,12,0
607,2017-08-23 12:00:00,9,12,3
607,2017-08-23 18:00:00,8,10,2
607,2017-08-24 00:00:00,0,0,0
607,2017-08-24 06:00:00,10,15,5
607,2017-08-24 12:00:00,10,9,-1
607,2017-08-24 18:00:00,13,16,3
607,2017-08-25 00:00:00,2,0,-2
607,2017-08-25 06:00:00,11,10,-1
607,2017-08-25 12:00:00,12,14,2
607,2017-08-25 18:00:00,6,5,-1
607,2017-08-26 00:00:00,0,2,2
607,2017-08-26 06:00:00,3,2,-1
607,2017-08-26 12:00:00,34,25,-9
607,2017-08-26 18:00:00,11,4,-7
607,2017-08-27 00:00:00,3,7,4
607,2017-08-27 06:00:00,5,5,0
607,2017-08-27 12:00:00,17,21,4
607,2017-08-27 18:00:00,21,18,-3
607,2017-08-28 00:00:00,4,2,-2
607,2017-08-28 06:00:00,4,7,3
607,2017-08-28 12:00:00,30,38,8
607,2017-08-28 18:00:00,9,11,2
607,2017-08-29 00:00:00,0,0,0
607,2017-08-29 06:00:00,20,11,-9
607,2017-08-29 12:00:00,11,9,-2
607,2017-08-29 18:00:00,10,10,0
607,2017-08-30 00:00:00,0,0,0
607,2017-08-30 06:00:00,6,10,4
607,2017-08-30 12:00:00,4,1,-3
607,2017-08-30 18:00:00,11,8,-3
607,2017-08-31 00:00:00,0,1,1
607,2017-08-31 06:00:00,10,16,6
607,2017-08-31 12:00:00,15,7,-8
607,2017-08-31 18:00:00,18,20,2
607,2017-09-01 00:00:00,0,0,0
607,2017-09-01 06:00:00,9,16,7
607,2017-09-01 12:00:00,10,11,1
607,2017-09-01 18:00:00,10,9,-1
607,2017-09-02 00:00:00,2,3,1
607,2017-09-02 06:00:00,4,6,2
607,2017-09-02 12:00:00,15,15,0
607,2017-09-02 18:00:00,11,1,-10
607,2017-09-03 00:00:00,2,0,-2
607,2017-09-03 06:00:00,9,6,-3
607,2017-09-03 12:00:00,6,6,0
607,2017-09-03 18:00:00,2,8,6
607,2017-09-04 00:00:00,0,0,0
607,2017-09-04 06:00:00,5,8,3
607,2017-09-04 12:00:00,13,8,-5
607,2017-09-04 18:00:00,12,12,0
607,2017-09-05 00:00:00,1,0,-1
607,2017-09-05 06:00:00,14,19,5
607,2017-09-05 12:00:00,14,16,2
607,2017-09-05 18:00:00,13,18,5
607,2017-09-06 00:00:00,0,0,0
607,2017-09-06 06:00:00,15,16,1
607,2017-09-06 12:00:00,11,7,-4
607,2017-09-06 18:00:00,14,11,-3
607,2017-09-07 00:00:00,1,1,0
607,2017-09-07 06:00:00,10,14,4
607,2017-09-07 12:00:00,13,6,-7
607,2017-09-07 18:00:00,17,13,-4
607,2017-09-08 00:00:00,2,1,-1
607,2017-09-08 06:00:00,3,11,8
607,2017-09-08 12:00:00,2,10,8
607,2017-09-08 18:00:00,12,3,-9
607,2017-09-09 00:00:00,0,3,3
607,2017-09-09 06:00:00,9,7,-2
607,2017-09-09 12:00:00,16,22,6
607,2017-09-09 18:00:00,5,7,2
607,2017-09-10 00:00:00,5,0,-5
607,2017-09-10 06:00:00,15,10,-5
607,2017-09-10 12:00:00,8,14,6
607,2017-09-10 18:00:00,2,2,0
607,2017-09-11 00:00:00,2,1,-1
607,2017-09-11 06:00:00,13,8,-5
607,2017-09-11 12:00:00,13,10,-3
607,2017-09-11 18:00:00,6,6,0
607,2017-09-12 00:00:00,1,0,-1
607,2017-09-12 06:00:00,14,17,3
607,2017-09-12 12:00:00,14,8,-6
607,2017-09-12 18:00:00,7,15,8
607,2017-09-13 00:00:00,0,0,0
607,2017-09-13 06:00:00,21,14,-7
607,2017-09-13 12:00:00,8,5,-3
607,2017-09-13 18:00:00,16,19,3
607,2017-09-14 00:00:00,1,0,-1
607,2017-09-14 06:00:00,9,12,3
607,2017-09-14 12:00:00,11,8,-3
607,2017-09-14 18:00:00,7,8,1
607,2017-09-15 00:00:00,0,0,0
607,2017-09-15 06:00:00,24,21,-3
607,2017-09-15 12:00:00,18,17,-1
607,2017-09-15 18:00:00,1,11,10
607,2017-09-16 00:00:00,6,2,-4
607,2017-09-16 06:00:00,7,6,-1
607,2017-09-16 12:00:00,10,14,4
607,2017-09-16 18:00:00,4,3,-1
607,2017-09-17 00:00:00,1,4,3
607,2017-09-17 06:00:00,6,1,-5
607,2017-09-17 12:00:00,8,18,10
607,2017-09-17 18:00:00,6,5,-1
607,2017-09-18 00:00:00,0,1,1
607,2017-09-18 06:00:00,12,14,2
607,2017-09-18 12:00:00,16,7,-9
607,2017-09-18 18:00:00,11,11,0
607,2017-09-19 00:00:00,0,0,0
607,2017-09-19 06:00:00,8,13,5
607,2017-09-19 12:00:00,11,15,4
607,2017-09-19 18:00:00,10,14,4
629,2017-08-01 00:00:00,0,0,0
629,2017-08-01 06:00:00,4,2,-2
629,2017-08-01 12:00:00,6,5,-1
629,2017-08-01 18:00:00,8,11,3
629,2017-08-02 00:00:00,0,1,1
629,2017-08-02 06:00:00,5,4,-1
629,2017-08-02 12:00:00,2,3,1
629,2017-08-02 18:00:00,1,2,1
629,2017-08-03 00:00:00,1,0,-1
629,2017-08-03 06:00:00,4,0,-4
629,2017-08-03 12:00:00,1,6,5
629,2017-08-03 18:00:00,1,3,2
629,2017-08-04 00:00:00,0,0,0
629,2017-08-04 06:00:00,4,1,-3
629,2017-08-04 12:00:00,4,4,0
629,2017-08-04 18:00:00,4,2,-2
629,2017-08-05 00:00:00,1,1,0
629,2017-08-05 06:00:00,7,3,-4
629,2017-08-05 12:00:00,14,11,-3
629,2017-08-05 18:00:00,1,0,-1
629,2017-08-06 00:00:00,2,0,-2
629,2017-08-06 06:00:00,5,4,-1
629,2017-08-06 12:00:00,10,20,10
629,2017-08-06 18:00:00,2,1,-1
629,2017-08-07 00:00:00,0,0,0
629,2017-08-07 06:00:00,15,3,-12
629,2017-08-07 12:00:00,2,0,-2
629,2017-08-07 18:00:00,2,10,8
629,2017-08-08 00:00:00,0,0,0
629,2017-08-08 06:00:00,9,1,-8
629,2017-08-08 12:00:00,2,5,3
629,2017-08-08 18:00:00,4,18,14
629,2017-08-09 00:00:00,0,1,1
629,2017-08-09 06:00:00,7,4,-3
629,2017-08-09 12:00:00,2,3,1
629,2017-08-09 18:00:00,2,0,-2
629,2017-08-10 00:00:00,1,0,-1
629,2017-08-10 06:00:00,14,1,-13
629,2017-08-10 12:00:00,3,3,0
629,2017-08-10 18:00:00,4,5,1
629,2017-08-11 00:00:00,0,0,0
629,2017-08-11 06:00:00,6,5,-1
629,2017-08-11 12:00:00,0,1,1
629,2017-08-11 18:00:00,10,11,1
629,2017-08-12 00:00:00,0,1,1
629,2017-08-12 06:00:00,1,2,1
629,2017-08-12 12:00:00,11,21,10
629,2017-08-12 18:00:00,10,11,1
629,2017-08-13 00:00:00,3,0,-3
629,2017-08-13 06:00:00,1,4,3
629,2017-08-13 12:00:00,12,12,0
629,2017-08-13 18:00:00,6,7,1
629,2017-08-14 00:00:00,0,1,1
629,2017-08-14 06:00:00,8,4,-4
629,2017-08-14 12:00:00,3,2,-1
629,2017-08-14 18:00:00,5,19,14
629,2017-08-15 00:00:00,0,0,0
629,2017-08-15 06:00:00,20,3,-17
629,2017-08-15 12:00:00,3,6,3
629,2017-08-15 18:00:00,6,29,23
629,2017-08-16 00:00:00,2,0,-2
629,2017-08-16 06:00:00,12,2,-10
629,2017-08-16 12:00:00,6,9,3
629,2017-08-16 18:00:00,1,14,13
629,2017-08-17 00:00:00,1,0,-1
629,2017-08-17 06:00:00,6,1,-5
629,2017-08-17 12:00:00,2,1,-1
629,2017-08-17 18:00:00,3,10,7
629,2017-08-18 00:00:00,0,0,0
629,2017-08-18 06:00:00,6,4,-2
629,2017-08-18 12:00:00,3,2,-1
629,2017-08-18 18:00:00,1,7,6
629,2017-08-19 00:00:00,2,0,-2
629,2017-08-19 06:00:00,1,4,3
629,2017-08-19 12:00:00,7,5,-2
629,2017-08-19 18:00:00,0,1,1
629,2017-08-20 00:00:00,1,1,0
629,2017-08-20 06:00:00,0,1,1
629,2017-08-20 12:00:00,10,4,-6
629,2017-08-20 18:00:00,2,2,0
629,2017-08-21 00:00:00,0,0,0
629,2017-08-21 06:00:00,2,1,-1
629,2017-08-21 12:00:00,5,2,-3
629,2017-08-21 18:00:00,3,3,0
629,2017-08-22 00:00:00,0,0,0
629,2017-08-22 06:00:00,8,3,-5
629,2017-08-22 12:00:00,1,1,0
629,2017-08-22 18:00:00,3,11,8
629,2017-08-23 00:00:00,0,1,1
629,2017-08-23 06:00:00,10,3,-7
629,2017-08-23 12:00:00,5,3,-2
629,2017-08-23 18:00:00,8,13,5
629,2017-08-24 00:00:00,0,1,1
629,2017-08-24 06:00:00,10,1,-9
629,2017-08-24 12:00:00,1,4,3
629,2017-08-24 18:00:00,7,13,6
629,2017-08-25 00:00:00,0,1,1
629,2017-08-25 06:00:00,7,0,-7
629,2017-08-25 12:00:00,1,6,5
629,2017-08-25 18:00:00,2,8,6
629,2017-08-26 00:00:00,0,1,1
629,2017-08-26 06:00:00,2,0,-2
629,2017-08-26 12:00:00,5,4,-1
629,2017-08-26 18:00:00,0,2,2
629,2017-08-27 00:00:00,0,3,3
629,2017-08-27 06:00:00,2,0,-2
629,2017-08-27 12:00:00,8,9,1
629,2017-08-27 18:00:00,0,2,2
629,2017-08-28 00:00:00,0,0,0
629,2017-08-28 06:00:00,3,3,0
629,2017-08-28 12:00:00,8,7,-1
629,2017-08-28 18:00:00,4,2,-2
629,2017-08-29 00:00:00,0,0,0
629,2017-08-29 06:00:00,4,2,-2
629,2017-08-29 12:00:00,1,1,0
629,2017-08-29 18:00:00,1,4,3
629,2017-08-30 00:00:00,0,0,0
629,2017-08-30 06:00:00,4,1,-3
629,2017-08-30 12:00:00,0,0,0
629,2017-08-30 18:00:00,2,3,1
629,2017-08-31 00:00:00,0,0,0
629,2017-08-31 06:00:00,1,0,-1
629,2017-08-31 12:00:00,0,2,2
629,2017-08-31 18:00:00,0,4,4
629,2017-09-01 00:00:00,1,0,-1
629,2017-09-01 06:00:00,5,1,-4
629,2017-09-01 12:00:00,0,2,2
629,2017-09-01 18:00:00,4,3,-1
629,2017-09-02 00:00:00,0,2,2
629,2017-09-02 06:00:00,1,4,3
629,2017-09-02 12:00:00,2,1,-1
629,2017-09-02 18:00:00,0,1,1
629,2017-09-03 00:00:00,0,1,1
629,2017-09-03 06:00:00,0,0,0
629,2017-09-03 12:00:00,3,7,4
629,2017-09-03 18:00:00,0,2,2
629,2017-09-04 00:00:00,0,0,0
629,2017-09-04 06:00:00,4,2,-2
629,2017-09-04 12:00:00,2,1,-1
629,2017-09-04 18:00:00,1,8,7
629,2017-09-05 00:00:00,0,0,0
629,2017-09-05 06:00:00,4,2,-2
629,2017-09-05 12:00:00,3,4,1
629,2017-09-05 18:00:00,3,7,4
629,2017-09-06 00:00:00,0,0,0
629,2017-09-06 06:00:00,6,1,-5
629,2017-09-06 12:00:00,3,3,0
629,2017-09-06 18:00:00,5,5,0
629,2017-09-07 00:00:00,0,0,0
629,2017-09-07 06:00:00,9,1,-8
629,2017-09-07 12:00:00,4,3,-1
629,2017-09-07 18:00:00,2,5,3
629,2017-09-08 00:00:00,0,0,0
629,2017-09-08 06:00:00,4,0,-4
629,2017-09-08 12:00:00,1,1,0
629,2017-09-08 18:00:00,2,1,-1
629,2017-09-09 00:00:00,0,3,3
629,2017-09-09 06:00:00,2,3,1
629,2017-09-09 12:00:00,5,5,0
629,2017-09-09 18:00:00,6,1,-5
629,2017-09-10 00:00:00,4,4,0
629,2017-09-10 06:00:00,3,0,-3
629,2017-09-10 12:00:00,4,4,0
629,2017-09-10 18:00:00,1,3,2
629,2017-09-11 00:00:00,0,1,1
629,2017-09-11 06:00:00,5,2,-3
629,2017-09-11 12:00:00,1,1,0
629,2017-09-11 18:00:00,1,1,0
629,2017-09-12 00:00:00,0,0,0
629,2017-09-12 06:00:00,4,2,-2
629,2017-09-12 12:00:00,3,3,0
629,2017-09-12 18:00:00,1,3,2
629,2017-09-13 00:00:00,0,0,0
629,2017-09-13 06:00:00,5,1,-4
629,2017-09-13 12:00:00,2,2,0
629,2017-09-13 18:00:00,2,7,5
629,2017-09-14 00:00:00,0,0,0
629,2017-09-14 06:00:00,5,2,-3
629,2017-09-14 12:00:00,2,8,6
629,2017-09-14 18:00:00,3,8,5
629,2017-09-15 00:00:00,0,0,0
629,2017-09-15 06:00:00,3,2,-1
629,2017-09-15 12:00:00,3,0,-3
629,2017-09-15 18:00:00,0,5,5
629,2017-09-16 00:00:00,0,2,2
629,2017-09-16 06:00:00,2,4,2
629,2017-09-16 12:00:00,4,3,-1
629,2017-09-16 18:00:00,4,0,-4
629,2017-09-17 00:00:00,0,0,0
629,2017-09-17 06:00:00,5,1,-4
629,2017-09-17 12:00:00,1,4,3
629,2017-09-17 18:00:00,4,3,-1
629,2017-09-18 00:00:00,0,0,0
629,2017-09-18 06:00:00,2,1,-1
629,2017-09-18 12:00:00,4,3,-1
629,2017-09-18 18:00:00,2,9,7
629,2017-09-19 00:00:00,0,0,0
629,2017-09-19 06:00:00,7,5,-2
629,2017-09-19 12:00:00,4,0,-4
629,2017-09-19 18:00:00,2,8,6
636,2017-08-01 00:00:00,1,3,2
636,2017-08-01 06:00:00,10,7,-3
636,2017-08-01 12:00:00,12,5,-7
636,2017-08-01 18:00:00,18,15,-3
636,2017-08-02 00:00:00,0,1,1
636,2017-08-02 06:00:00,16,10,-6
636,2017-08-02 12:00:00,7,4,-3
636,2017-08-02 18:00:00,11,9,-2
636,2017-08-03 00:00:00,0,1,1
636,2017-08-03 06:00:00,11,6,-5
636,2017-08-03 12:00:00,4,4,0
636,2017-08-03 18:00:00,2,10,8
636,2017-08-04 00:00:00,0,0,0
636,2017-08-04 06:00:00,16,8,-8
636,2017-08-04 12:00:00,3,4,1
636,2017-08-04 18:00:00,9,8,-1
636,2017-08-05 00:00:00,0,6,6
636,2017-08-05 06:00:00,4,0,-4
636,2017-08-05 12:00:00,3,1,-2
636,2017-08-05 18:00:00,0,2,2
636,2017-08-06 00:00:00,0,1,1
636,2017-08-06 06:00:00,4,1,-3
636,2017-08-06 12:00:00,7,11,4
636,2017-08-06 18:00:00,6,10,4
636,2017-08-07 00:00:00,0,1,1
636,2017-08-07 06:00:00,17,6,-11
636,2017-08-07 12:00:00,5,4,-1
636,2017-08-07 18:00:00,8,7,-1
636,2017-08-08 00:00:00,0,0,0
636,2017-08-08 06:00:00,6,5,-1
636,2017-08-08 12:00:00,7,6,-1
636,2017-08-08 18:00:00,8,15,7
636,2017-08-09 00:00:00,0,1,1
636,2017-08-09 06:00:00,8,4,-4
636,2017-08-09 12:00:00,2,1,-1
636,2017-08-09 18:00:00,2,6,4
636,2017-08-10 00:00:00,0,0,0
636,2017-08-10 06:00:00,11,4,-7
636,2017-08-10 12:00:00,8,10,2
636,2017-08-10 18:00:00,7,10,3
636,2017-08-11 00:00:00,0,0,0
636,2017-08-11 06:00:00,12,8,-4
636,2017-08-11 12:00:00,3,6,3
636,2017-08-11 18:00:00,5,6,1
636,2017-08-12 00:00:00,0,1,1
636,2017-08-12 06:00:00,6,4,-2
636,2017-08-12 12:00:00,6,6,0
636,2017-08-12 18:00:00,3,3,0
636,2017-08-13 00:00:00,0,2,2
636,2017-08-13 06:00:00,7,4,-3
636,2017-08-13 12:00:00,11,11,0
636,2017-08-13 18:00:00,5,10,5
636,2017-08-14 00:00:00,0,1,1
636,2017-08-14 06:00:00,15,8,-7
636,2017-08-14 12:00:00,9,8,-1
636,2017-08-14 18:00:00,7,15,8
636,2017-08-15 00:00:00,0,0,0
636,2017-08-15 06:00:00,16,9,-7
636,2017-08-15 12:00:00,5,8,3
636,2017-08-15 18:00:00,12,15,3
636,2017-08-16 00:00:00,0,1,1
636,2017-08-16 06:00:00,10,14,4
636,2017-08-16 12:00:00,15,11,-4
636,2017-08-16 18:00:00,8,10,2
636,2017-08-17 00:00:00,0,1,1
636,2017-08-17 06:00:00,9,11,2
636,2017-08-17 12:00:00,9,4,-5
636,2017-08-17 18:00:00,9,11,2
636,2017-08-18 00:00:00,0,0,0
636,2017-08-18 06:00:00,12,13,1
636,2017-08-18 12:00:00,9,6,-3
636,2017-08-18 18:00:00,1,4,3
636,2017-08-19 00:00:00,1,2,1
636,2017-08-19 06:00:00,3,0,-3
636,2017-08-19 12:00:00,7,6,-1
636,2017-08-19 18:00:00,0,5,5
636,2017-08-20 00:00:00,0,0,0
636,2017-08-20 06:00:00,2,0,-2
636,2017-08-20 12:00:00,6,10,4
636,2017-08-20 18:00:00,3,6,3
636,2017-08-21 00:00:00,0,2,2
636,2017-08-21 06:00:00,6,8,2
636,2017-08-21 12:00:00,8,5,-3
636,2017-08-21 18:00:00,9,11,2
636,2017-08-22 00:00:00,0,1,1
636,2017-08-22 06:00:00,11,10,-1
636,2017-08-22 12:00:00,13,7,-6
636,2017-08-22 18:00:00,9,12,3
636,2017-08-23 00:00:00,0,2,2
636,2017-08-23 06:00:00,11,15,4
636,2017-08-23 12:00:00,11,8,-3
636,2017-08-23 18:00:00,12,9,-3
636,2017-08-24 00:00:00,0,0,0
636,2017-08-24 06:00:00,11,12,1
636,2017-08-24 12:00:00,12,8,-4
636,2017-08-24 18:00:00,6,5,-1
636,2017-08-25 00:00:00,0,0,0
636,2017-08-25 06:00:00,11,14,3
636,2017-08-25 12:00:00,9,4,-5
636,2017-08-25 18:00:00,0,3,3
636,2017-08-26 00:00:00,1,1,0
636,2017-08-26 06:00:00,3,4,1
636,2017-08-26 12:00:00,4,4,0
636,2017-08-26 18:00:00,6,6,0
636,2017-08-27 00:00:00,1,0,-1
636,2017-08-27 06:00:00,6,1,-5
636,2017-08-27 12:00:00,7,10,3
636,2017-08-27 18:00:00,5,6,1
636,2017-08-28 00:00:00,0,1,1
636,2017-08-28 06:00:00,2,2,0
636,2017-08-28 12:00:00,8,9,1
636,2017-08-28 18:00:00,5,10,5
636,2017-08-29 00:00:00,0,0,0
636,2017-08-29 06:00:00,20,11,-9
636,2017-08-29 12:00:00,14,5,-9
636,2017-08-29 18:00:00,9,21,12
636,2017-08-30 00:00:00,0,0,0
636,2017-08-30 06:00:00,11,10,-1
636,2017-08-30 12:00:00,8,2,-6
636,2017-08-30 18:00:00,10,10,0
636,2017-08-31 00:00:00,0,0,0
636,2017-08-31 06:00:00,8,12,4
636,2017-08-31 12:00:00,9,5,-4
636,2017-08-31 18:00:00,4,8,4
636,2017-09-01 00:00:00,0,3,3
636,2017-09-01 06:00:00,7,11,4
636,2017-09-01 12:00:00,18,5,-13
636,2017-09-01 18:00:00,5,5,0
636,2017-09-02 00:00:00,2,1,-1
636,2017-09-02 06:00:00,7,6,-1
636,2017-09-02 12:00:00,12,7,-5
636,2017-09-02 18:00:00,2,3,1
636,2017-09-03 00:00:00,1,0,-1
636,2017-09-03 06:00:00,7,9,2
636,2017-09-03 12:00:00,15,10,-5
636,2017-09-03 18:00:00,1,3,2
636,2017-09-04 00:00:00,0,0,0
636,2017-09-04 06:00:00,8,9,1
636,2017-09-04 12:00:00,11,3,-8
636,2017-09-04 18:00:00,11,9,-2
636,2017-09-05 00:00:00,0,2,2
636,2017-09-05 06:00:00,15,11,-4
636,2017-09-05 12:00:00,9,6,-3
636,2017-09-05 18:00:00,7,9,2
636,2017-09-06 00:00:00,0,1,1
636,2017-09-06 06:00:00,13,16,3
636,2017-09-06 12:00:00,13,7,-6
636,2017-09-06 18:00:00,8,11,3
636,2017-09-07 00:00:00,0,0,0
636,2017-09-07 06:00:00,19,15,-4
636,2017-09-07 12:00:00,10,9,-1
636,2017-09-07 18:00:00,2,10,8
636,2017-09-08 00:00:00,0,1,1
636,2017-09-08 06:00:00,6,12,6
636,2017-09-08 12:00:00,11,4,-7
636,2017-09-08 18:00:00,4,11,7
636,2017-09-09 00:00:00,0,0,0
636,2017-09-09 06:00:00,6,2,-4
636,2017-09-09 12:00:00,5,11,6
636,2017-09-09 18:00:00,4,5,1
636,2017-09-10 00:00:00,1,4,3
636,2017-09-10 06:00:00,3,4,1
636,2017-09-10 12:00:00,7,4,-3
636,2017-09-10 18:00:00,0,3,3
636,2017-09-11 00:00:00,0,0,0
636,2017-09-11 06:00:00,8,14,6
636,2017-09-11 12:00:00,10,3,-7
636,2017-09-11 18:00:00,7,15,8
636,2017-09-12 00:00:00,0,0,0
636,2017-09-12 06:00:00,18,11,-7
636,2017-09-12 12:00:00,8,10,2
636,2017-09-12 18:00:00,5,10,5
636,2017-09-13 00:00:00,0,0,0
636,2017-09-13 06:00:00,12,11,-1
636,2017-09-13 12:00:00,8,6,-2
636,2017-09-13 18:00:00,12,12,0
636,2017-09-14 00:00:00,0,0,0
636,2017-09-14 06:00:00,16,9,-7
636,2017-09-14 12:00:00,10,12,2
636,2017-09-14 18:00:00,13,12,-1
636,2017-09-15 00:00:00,0,1,1
636,2017-09-15 06:00:00,22,12,-10
636,2017-09-15 12:00:00,9,9,0
636,2017-09-15 18:00:00,3,4,1
636,2017-09-16 00:00:00,0,0,0
636,2017-09-16 06:00:00,7,4,-3
636,2017-09-16 12:00:00,7,8,1
636,2017-09-16 18:00:00,2,1,-1
636,2017-09-17 00:00:00,0,1,1
636,2017-09-17 06:00:00,3,0,-3
636,2017-09-17 12:00:00,1,4,3
636,2017-09-17 18:00:00,0,3,3
636,2017-09-18 00:00:00,0,0,0
636,2017-09-18 06:00:00,12,10,-2
636,2017-09-18 12:00:00,16,12,-4
636,2017-09-18 18:00:00,12,11,-1
636,2017-09-19 00:00:00,0,0,0
636,2017-09-19 06:00:00,14,17,3
636,2017-09-19 12:00:00,8,7,-1
636,2017-09-19 18:00:00,9,9,0
648,2017-08-01 00:00:00,0,1,1
648,2017-08-01 06:00:00,3,1,-2
648,2017-08-01 12:00:00,4,4,0
648,2017-08-01 18:00:00,3,8,5
648,2017-08-02 00:00:00,0,1,1
648,2017-08-02 06:00:00,6,0,-6
648,2017-08-02 12:00:00,0,1,1
648,2017-08-02 18:00:00,4,5,1
648,2017-08-03 00:00:00,0,2,2
648,2017-08-03 06:00:00,4,1,-3
648,2017-08-03 12:00:00,6,4,-2
648,2017-08-03 18:00:00,8,8,0
648,2017-08-04 00:00:00,0,2,2
648,2017-08-04 06:00:00,3,1,-2
648,2017-08-04 12:00:00,3,4,1
648,2017-08-04 18:00:00,4,3,-1
648,2017-08-05 00:00:00,0,5,5
648,2017-08-05 06:00:00,2,1,-1
648,2017-08-05 12:00:00,9,7,-2
648,2017-08-05 18:00:00,4,5,1
648,2017-08-06 00:00:00,2,3,1
648,2017-08-06 06:00:00,3,1,-2
648,2017-08-06 12:00:00,13,10,-3
648,2017-08-06 18:00:00,1,4,3
648,2017-08-07 00:00:00,0,0,0
648,2017-08-07 06:00:00,4,2,-2
648,2017-08-07 12:00:00,1,3,2
648,2017-08-07 18:00:00,2,4,2
648,2017-08-08 00:00:00,1,1,0
648,2017-08-08 06:00:00,7,2,-5
648,2017-08-08 12:00:00,2,2,0
648,2017-08-08 18:00:00,6,6,0
648,2017-08-09 00:00:00,0,0,0
648,2017-08-09 06:00:00,1,1,0
648,2017-08-09 12:00:00,0,1,1
648,2017-08-09 18:00:00,2,2,0
648,2017-08-10 00:00:00,0,0,0
648,2017-08-10 06:00:00,4,3,-1
648,2017-08-10 12:00:00,5,6,1
648,2017-08-10 18:00:00,4,5,1
648,2017-08-11 00:00:00,0,0,0
648,2017-08-11 06:00:00,6,5,-1
648,2017-08-11 12:00:00,4,4,0
648,2017-08-11 18:00:00,3,3,0
648,2017-08-12 00:00:00,0,3,3
648,2017-08-12 06:00:00,3,0,-3
648,2017-08-12 12:00:00,2,5,3
648,2017-08-12 18:00:00,4,5,1
648,2017-08-13 00:00:00,0,1,1
648,2017-08-13 06:00:00,2,3,1
648,2017-08-13 12:00:00,13,11,-2
648,2017-08-13 18:00:00,3,1,-2
648,2017-08-14 00:00:00,0,0,0
648,2017-08-14 06:00:00,3,3,0
648,2017-08-14 12:00:00,4,3,-1
648,2017-08-14 18:00:00,5,5,0
648,2017-08-15 00:00:00,0,0,0
648,2017-08-15 06:00:00,3,3,0
648,2017-08-15 12:00:00,6,6,0
648,2017-08-15 18:00:00,4,9,5
648,2017-08-16 00:00:00,0,0,0
648,2017-08-16 06:00:00,5,2,-3
648,2017-08-16 12:00:00,9,7,-2
648,2017-08-16 18:00:00,11,12,1
648,2017-08-17 00:00:00,0,0,0
648,2017-08-17 06:00:00,7,5,-2
648,2017-08-17 12:00:00,8,3,-5
648,2017-08-17 18:00:00,3,4,1
648,2017-08-18 00:00:00,1,0,-1
648,2017-08-18 06:00:00,3,3,0
648,2017-08-18 12:00:00,3,2,-1
648,2017-08-18 18:00:00,3,4,1
648,2017-08-19 00:00:00,0,1,1
648,2017-08-19 06:00:00,2,0,-2
648,2017-08-19 12:00:00,3,7,4
648,2017-08-19 18:00:00,5,3,-2
648,2017-08-20 00:00:00,0,4,4
648,2017-08-20 06:00:00,4,2,-2
648,2017-08-20 12:00:00,1,8,7
648,2017-08-20 18:00:00,3,1,-2
648,2017-08-21 00:00:00,0,0,0
648,2017-08-21 06:00:00,4,1,-3
648,2017-08-21 12:00:00,4,5,1
648,2017-08-21 18:00:00,5,10,5
648,2017-08-22 00:00:00,1,0,-1
648,2017-08-22 06:00:00,5,2,-3
648,2017-08-22 12:00:00,1,4,3
648,2017-08-22 18:00:00,5,7,2
648,2017-08-23 00:00:00,0,2,2
648,2017-08-23 06:00:00,5,1,-4
648,2017-08-23 12:00:00,3,1,-2
648,2017-08-23 18:00:00,5,6,1
648,2017-08-24 00:00:00,2,2,0
648,2017-08-24 06:00:00,9,3,-6
648,2017-08-24 12:00:00,4,3,-1
648,2017-08-24 18:00:00,5,5,0
648,2017-08-25 00:00:00,2,0,-2
648,2017-08-25 06:00:00,4,5,1
648,2017-08-25 12:00:00,4,1,-3
648,2017-08-25 18:00:00,5,7,2
648,2017-08-26 00:00:00,0,1,1
648,2017-08-26 06:00:00,3,1,-2
648,2017-08-26 12:00:00,3,2,-1
648,2017-08-26 18:00:00,2,4,2
648,2017-08-27 00:00:00,0,0,0
648,2017-08-27 06:00:00,6,4,-2
648,2017-08-27 12:00:00,0,2,2
648,2017-08-27 18:00:00,1,4,3
648,2017-08-28 00:00:00,0,3,3
648,2017-08-28 06:00:00,2,3,1
648,2017-08-28 12:00:00,9,1,-8
648,2017-08-28 18:00:00,0,4,4
648,2017-08-29 00:00:00,0,0,0
648,2017-08-29 06:00:00,7,7,0
648,2017-08-29 12:00:00,7,3,-4
648,2017-08-29 18:00:00,2,6,4
648,2017-08-30 00:00:00,0,0,0
648,2017-08-30 06:00:00,2,2,0
648,2017-08-30 12:00:00,2,1,-1
648,2017-08-30 18:00:00,5,3,-2
648,2017-08-31 00:00:00,2,2,0
648,2017-08-31 06:00:00,3,4,1
648,2017-08-31 12:00:00,2,5,3
648,2017-08-31 18:00:00,3,3,0
648,2017-09-01 00:00:00,0,1,1
648,2017-09-01 06:00:00,9,5,-4
648,2017-09-01 12:00:00,1,1,0
648,2017-09-01 18:00:00,5,5,0
648,2017-09-02 00:00:00,0,1,1
648,2017-09-02 06:00:00,2,2,0
648,2017-09-02 12:00:00,7,9,2
648,2017-09-02 18:00:00,2,1,-1
648,2017-09-03 00:00:00,0,0,0
648,2017-09-03 06:00:00,2,3,1
648,2017-09-03 12:00:00,5,3,-2
648,2017-09-03 18:00:00,2,3,1
648,2017-09-04 00:00:00,0,1,1
648,2017-09-04 06:00:00,4,2,-2
648,2017-09-04 12:00:00,2,1,-1
648,2017-09-04 18:00:00,4,10,6
648,2017-09-05 00:00:00,0,1,1
648,2017-09-05 06:00:00,3,6,3
648,2017-09-05 12:00:00,2,4,2
648,2017-09-05 18:00:00,5,2,-3
648,2017-09-06 00:00:00,0,0,0
648,2017-09-06 06:00:00,5,3,-2
648,2017-09-06 12:00:00,6,3,-3
648,2017-09-06 18:00:00,3,4,1
648,2017-09-07 00:00:00,2,0,-2
648,2017-09-07 06:00:00,5,6,1
648,2017-09-07 12:00:00,6,7,1
648,2017-09-07 18:00:00,7,9,2
648,2017-09-08 00:00:00,0,0,0
648,2017-09-08 06:00:00,1,2,1
648,2017-09-08 12:00:00,3,5,2
648,2017-09-08 18:00:00,4,4,0
648,2017-09-09 00:00:00,0,1,1
648,2017-09-09 06:00:00,6,4,-2
648,2017-09-09 12:00:00,11,11,0
648,2017-09-09 18:00:00,4,6,2
648,2017-09-10 00:00:00,5,0,-5
648,2017-09-10 06:00:00,2,1,-1
648,2017-09-10 12:00:00,2,4,2
648,2017-09-10 18:00:00,2,4,2
648,2017-09-11 00:00:00,0,0,0
648,2017-09-11 06:00:00,5,2,-3
648,2017-09-11 12:00:00,5,10,5
648,2017-09-11 18:00:00,3,2,-1
648,2017-09-12 00:00:00,1,0,-1
648,2017-09-12 06:00:00,8,3,-5
648,2017-09-12 12:00:00,3,2,-1
648,2017-09-12 18:00:00,4,4,0
648,2017-09-13 00:00:00,0,0,0
648,2017-09-13 06:00:00,9,5,-4
648,2017-09-13 12:00:00,5,4,-1
648,2017-09-13 18:00:00,3,1,-2
648,2017-09-14 00:00:00,0,1,1
648,2017-09-14 06:00:00,3,4,1
648,2017-09-14 12:00:00,8,6,-2
648,2017-09-14 18:00:00,2,4,2
648,2017-09-15 00:00:00,0,0,0
648,2017-09-15 06:00:00,6,5,-1
648,2017-09-15 12:00:00,5,5,0
648,2017-09-15 18:00:00,5,8,3
648,2017-09-16 00:00:00,0,0,0
648,2017-09-16 06:00:00,7,3,-4
648,2017-09-16 12:00:00,9,11,2
648,2017-09-16 18:00:00,5,5,0
648,2017-09-17 00:00:00,1,5,4
648,2017-09-17 06:00:00,2,2,0
648,2017-09-17 12:00:00,8,4,-4
648,2017-09-17 18:00:00,2,3,1
648,2017-09-18 00:00:00,0,0,0
648,2017-09-18 06:00:00,6,2,-4
648,2017-09-18 12:00:00,6,6,0
648,2017-09-18 18:00:00,2,2,0
648,2017-09-19 00:00:00,0,0,0
648,2017-09-19 06:00:00,2,4,2
648,2017-09-19 12:00:00,4,7,3
648,2017-09-19 18:00:00,5,4,-1
656,2017-08-01 00:00:00,0,0,0
656,2017-08-01 06:00:00,3,5,2
656,2017-08-01 12:00:00,4,6,2
656,2017-08-01 18:00:00,9,5,-4
656,2017-08-02 00:00:00,0,0,0
656,2017-08-02 06:00:00,2,2,0
656,2017-08-02 12:00:00,0,1,1
656,2017-08-02 18:00:00,2,2,0
656,2017-08-03 00:00:00,0,0,0
656,2017-08-03 06:00:00,3,2,-1
656,2017-08-03 12:00:00,2,3,1
656,2017-08-03 18:00:00,2,5,3
656,2017-08-04 00:00:00,0,0,0
656,2017-08-04 06:00:00,4,1,-3
656,2017-08-04 12:00:00,1,2,1
656,2017-08-04 18:00:00,1,3,2
656,2017-08-05 00:00:00,1,0,-1
656,2017-08-05 06:00:00,2,3,1
656,2017-08-05 12:00:00,4,6,2
656,2017-08-05 18:00:00,3,0,-3
656,2017-08-06 00:00:00,0,0,0
656,2017-08-06 06:00:00,2,6,4
656,2017-08-06 12:00:00,13,13,0
656,2017-08-06 18:00:00,6,2,-4
656,2017-08-07 00:00:00,0,0,0
656,2017-08-07 06:00:00,1,2,1
656,2017-08-07 12:00:00,3,2,-1
656,2017-08-07 18:00:00,1,1,0
656,2017-08-08 00:00:00,0,0,0
656,2017-08-08 06:00:00,2,2,0
656,2017-08-08 12:00:00,0,0,0
656,2017-08-08 18:00:00,5,11,6
656,2017-08-09 00:00:00,0,0,0
656,2017-08-09 06:00:00,1,0,-1
656,2017-08-09 12:00:00,1,0,-1
656,2017-08-09 18:00:00,0,2,2
656,2017-08-10 00:00:00,0,0,0
656,2017-08-10 06:00:00,8,2,-6
656,2017-08-10 12:00:00,3,6,3
656,2017-08-10 18:00:00,2,1,-1
656,2017-08-11 00:00:00,0,0,0
656,2017-08-11 06:00:00,3,3,0
656,2017-08-11 12:00:00,1,1,0
656,2017-08-11 18:00:00,2,3,1
656,2017-08-12 00:00:00,0,0,0
656,2017-08-12 06:00:00,3,1,-2
656,2017-08-12 12:00:00,3,6,3
656,2017-08-12 18:00:00,4,2,-2
656,2017-08-13 00:00:00,0,0,0
656,2017-08-13 06:00:00,0,0,0
656,2017-08-13 12:00:00,3,9,6
656,2017-08-13 18:00:00,5,3,-2
656,2017-08-14 00:00:00,0,0,0
656,2017-08-14 06:00:00,5,1,-4
656,2017-08-14 12:00:00,2,1,-1
656,2017-08-14 18:00:00,3,6,3
656,2017-08-15 00:00:00,1,2,1
656,2017-08-15 06:00:00,7,3,-4
656,2017-08-15 12:00:00,1,1,0
656,2017-08-15 18:00:00,6,10,4
656,2017-08-16 00:00:00,0,0,0
656,2017-08-16 06:00:00,5,2,-3
656,2017-08-16 12:00:00,3,4,1
656,2017-08-16 18:00:00,7,8,1
656,2017-08-17 00:00:00,0,0,0
656,2017-08-17 06:00:00,3,2,-1
656,2017-08-17 12:00:00,2,2,0
656,2017-08-17 18:00:00,6,6,0
656,2017-08-18 00:00:00,0,0,0
656,2017-08-18 06:00:00,5,5,0
656,2017-08-18 12:00:00,2,1,-1
656,2017-08-18 18:00:00,0,1,1
656,2017-08-19 00:00:00,1,1,0
656,2017-08-19 06:00:00,3,4,1
656,2017-08-19 12:00:00,3,11,8
656,2017-08-19 18:00:00,4,4,0
656,2017-08-20 00:00:00,0,0,0
656,2017-08-20 06:00:00,4,0,-4
656,2017-08-20 12:00:00,6,2,-4
656,2017-08-20 18:00:00,2,3,1
656,2017-08-21 00:00:00,0,0,0
656,2017-08-21 06:00:00,2,2,0
656,2017-08-21 12:00:00,4,1,-3
656,2017-08-21 18:00:00,6,6,0
656,2017-08-22 00:00:00,1,0,-1
656,2017-08-22 06:00:00,4,2,-2
656,2017-08-22 12:00:00,11,3,-8
656,2017-08-22 18:00:00,0,7,7
656,2017-08-23 00:00:00,0,0,0
656,2017-08-23 06:00:00,2,3,1
656,2017-08-23 12:00:00,2,5,3
656,2017-08-23 18:00:00,3,6,3
656,2017-08-24 00:00:00,0,0,0
656,2017-08-24 06:00:00,3,2,-1
656,2017-08-24 12:00:00,1,4,3
656,2017-08-24 18:00:00,4,2,-2
656,2017-08-25 00:00:00,0,0,0
656,2017-08-25 06:00:00,2,2,0
656,2017-08-25 12:00:00,1,2,1
656,2017-08-25 18:00:00,3,2,-1
656,2017-08-26 00:00:00,0,0,0
656,2017-08-26 06:00:00,1,0,-1
656,2017-08-26 12:00:00,10,10,0
656,2017-08-26 18:00:00,1,1,0
656,2017-08-27 00:00:00,4,3,-1
656,2017-08-27 06:00:00,5,2,-3
656,2017-08-27 12:00:00,7,0,-7
656,2017-08-27 18:00:00,4,1,-3
656,2017-08-28 00:00:00,1,1,0
656,2017-08-28 06:00:00,2,4,2
656,2017-08-28 12:00:00,13,6,-7
656,2017-08-28 18:00:00,1,4,3
656,2017-08-29 00:00:00,0,0,0
656,2017-08-29 06:00:00,4,3,-1
656,2017-08-29 12:00:00,2,4,2
656,2017-08-29 18:00:00,9,6,-3
656,2017-08-30 00:00:00,0,1,1
656,2017-08-30 06:00:00,3,2,-1
656,2017-08-30 12:00:00,0,0,0
656,2017-08-30 18:00:00,1,4,3
656,2017-08-31 00:00:00,0,0,0
656,2017-08-31 06:00:00,2,2,0
656,2017-08-31 12:00:00,5,2,-3
656,2017-08-31 18:00:00,5,7,2
656,2017-09-01 00:00:00,0,0,0
656,2017-09-01 06:00:00,5,4,-1
656,2017-09-01 12:00:00,5,4,-1
656,2017-09-01 18:00:00,4,4,0
656,2017-09-02 00:00:00,1,0,-1
656,2017-09-02 06:00:00,1,4,3
656,2017-09-02 12:00:00,9,12,3
656,2017-09-02 18:00:00,9,3,-6
656,2017-09-03 00:00:00,0,1,1
656,2017-09-03 06:00:00,0,1,1
656,2017-09-03 12:00:00,3,3,0
656,2017-09-03 18:00:00,3,1,-2
656,2017-09-04 00:00:00,0,0,0
656,2017-09-04 06:00:00,5,1,-4
656,2017-09-04 12:00:00,3,1,-2
656,2017-09-04 18:00:00,2,5,3
656,2017-09-05 00:00:00,0,0,0
656,2017-09-05 06:00:00,3,2,-1
656,2017-09-05 12:00:00,3,5,2
656,2017-09-05 18:00:00,4,2,-2
656,2017-09-06 00:00:00,0,0,0
656,2017-09-06 06:00:00,2,1,-1
656,2017-09-06 12:00:00,4,2,-2
656,2017-09-06 18:00:00,2,7,5
656,2017-09-07 00:00:00,0,0,0
656,2017-09-07 06:00:00,3,4,1
656,2017-09-07 12:00:00,2,1,-1
656,2017-09-07 18:00:00,2,10,8
656,2017-09-08 00:00:00,0,2,2
656,2017-09-08 06:00:00,4,7,3
656,2017-09-08 12:00:00,2,7,5
656,2017-09-08 18:00:00,1,1,0
656,2017-09-09 00:00:00,0,0,0
656,2017-09-09 06:00:00,3,2,-1
656,2017-09-09 12:00:00,4,5,1
656,2017-09-09 18:00:00,0,0,0
656,2017-09-10 00:00:00,0,0,0
656,2017-09-10 06:00:00,0,0,0
656,2017-09-10 12:00:00,9,4,-5
656,2017-09-10 18:00:00,3,0,-3
656,2017-09-11 00:00:00,0,0,0
656,2017-09-11 06:00:00,4,0,-4
656,2017-09-11 12:00:00,4,4,0
656,2017-09-11 18:00:00,1,2,1
656,2017-09-12 00:00:00,1,0,-1
656,2017-09-12 06:00:00,2,2,0
656,2017-09-12 12:00:00,3,2,-1
656,2017-09-12 18:00:00,0,7,7
656,2017-09-13 00:00:00,0,0,0
656,2017-09-13 06:00:00,5,1,-4
656,2017-09-13 12:00:00,3,0,-3
656,2017-09-13 18:00:00,1,7,6
656,2017-09-14 00:00:00,0,0,0
656,2017-09-14 06:00:00,4,3,-1
656,2017-09-14 12:00:00,5,3,-2
656,2017-09-14 18:00:00,5,5,0
656,2017-09-15 00:00:00,1,0,-1
656,2017-09-15 06:00:00,7,3,-4
656,2017-09-15 12:00:00,4,2,-2
656,2017-09-15 18:00:00,3,2,-1
656,2017-09-16 00:00:00,0,0,0
656,2017-09-16 06:00:00,3,5,2
656,2017-09-16 12:00:00,4,8,4
656,2017-09-16 18:00:00,0,2,2
656,2017-09-17 00:00:00,0,1,1
656,2017-09-17 06:00:00,6,5,-1
656,2017-09-17 12:00:00,4,8,4
656,2017-09-17 18:00:00,4,1,-3
656,2017-09-18 00:00:00,0,0,0
656,2017-09-18 06:00:00,5,1,-4
656,2017-09-18 12:00:00,2,2,0
656,2017-09-18 18:00:00,4,5,1
656,2017-09-19 00:00:00,1,0,-1
656,2017-09-19 06:00:00,5,1,-4
656,2017-09-19 12:00:00,4,6,2
656,2017-09-19 18:00:00,4,7,3
665,2017-08-01 00:00:00,0,0,0
665,2017-08-01 06:00:00,14,7,-7
665,2017-08-01 12:00:00,9,12,3
665,2017-08-01 18:00:00,8,18,10
665,2017-08-02 00:00:00,2,0,-2
665,2017-08-02 06:00:00,15,7,-8
665,2017-08-02 12:00:00,3,3,0
665,2017-08-02 18:00:00,2,13,11
665,2017-08-03 00:00:00,0,1,1
665,2017-08-03 06:00:00,19,4,-15
665,2017-08-03 12:00:00,5,14,9
665,2017-08-03 18:00:00,10,17,7
665,2017-08-04 00:00:00,0,1,1
665,2017-08-04 06:00:00,10,4,-6
665,2017-08-04 12:00:00,5,5,0
665,2017-08-04 18:00:00,9,6,-3
665,2017-08-05 00:00:00,0,2,2
665,2017-08-05 06:00:00,7,7,0
665,2017-08-05 12:00:00,25,17,-8
665,2017-08-05 18:00:00,2,5,3
665,2017-08-06 00:00:00,0,6,6
665,2017-08-06 06:00:00,12,13,1
665,2017-08-06 12:00:00,18,15,-3
665,2017-08-06 18:00:00,10,17,7
665,2017-08-07 00:00:00,2,0,-2
665,2017-08-07 06:00:00,13,6,-7
665,2017-08-07 12:00:00,11,11,0
665,2017-08-07 18:00:00,6,15,9
665,2017-08-08 00:00:00,0,0,0
665,2017-08-08 06:00:00,14,7,-7
665,2017-08-08 12:00:00,11,13,2
665,2017-08-08 18:00:00,8,7,-1
665,2017-08-09 00:00:00,0,0,0
665,2017-08-09 06:00:00,5,6,1
665,2017-08-09 12:00:00,4,2,-2
665,2017-08-09 18:00:00,2,1,-1
665,2017-08-10 00:00:00,0,0,0
665,2017-08-10 06:00:00,11,11,0
665,2017-08-10 12:00:00,7,7,0
665,2017-08-10 18:00:00,10,13,3
665,2017-08-11 00:00:00,1,2,1
665,2017-08-11 06:00:00,8,4,-4
665,2017-08-11 12:00:00,10,15,5
665,2017-08-11 18:00:00,6,10,4
665,2017-08-12 00:00:00,0,5,5
665,2017-08-12 06:00:00,9,7,-2
665,2017-08-12 12:00:00,31,19,-12
665,2017-08-12 18:00:00,7,11,4
665,2017-08-13 00:00:00,0,1,1
665,2017-08-13 06:00:00,10,5,-5
665,2017-08-13 12:00:00,28,27,-1
665,2017-08-13 18:00:00,7,10,3
665,2017-08-14 00:00:00,0,1,1
665,2017-08-14 06:00:00,15,4,-11
665,2017-08-14 12:00:00,6,10,4
665,2017-08-14 18:00:00,9,18,9
665,2017-08-15 00:00:00,0,2,2
665,2017-08-15 06:00:00,25,13,-12
665,2017-08-15 12:00:00,6,10,4
665,2017-08-15 18:00:00,10,21,11
665,2017-08-16 00:00:00,0,1,1
665,2017-08-16 06:00:00,16,6,-10
665,2017-08-16 12:00:00,8,6,-2
665,2017-08-16 18:00:00,10,20,10
665,2017-08-17 00:00:00,0,0,0
665,2017-08-17 06:00:00,13,9,-4
665,2017-08-17 12:00:00,9,10,1
665,2017-08-17 18:00:00,3,12,9
665,2017-08-18 00:00:00,0,0,0
665,2017-08-18 06:00:00,17,15,-2
665,2017-08-18 12:00:00,7,6,-1
665,2017-08-18 18:00:00,6,14,8
665,2017-08-19 00:00:00,0,2,2
665,2017-08-19 06:00:00,13,7,-6
665,2017-08-19 12:00:00,20,21,1
665,2017-08-19 18:00:00,5,7,2
665,2017-08-20 00:00:00,0,1,1
665,2017-08-20 06:00:00,5,1,-4
665,2017-08-20 12:00:00,25,27,2
665,2017-08-20 18:00:00,2,4,2
665,2017-08-21 00:00:00,0,0,0
665,2017-08-21 06:00:00,10,3,-7
665,2017-08-21 12:00:00,4,8,4
665,2017-08-21 18:00:00,7,8,1
665,2017-08-22 00:00:00,0,0,0
665,2017-08-22 06:00:00,10,3,-7
665,2017-08-22 12:00:00,3,9,6
665,2017-08-22 18:00:00,9,15,6
665,2017-08-23 00:00:00,0,1,1
665,2017-08-23 06:00:00,16,6,-10
665,2017-08-23 12:00:00,5,10,5
665,2017-08-23 18:00:00,11,14,3
665,2017-08-24 00:00:00,0,3,3
665,2017-08-24 06:00:00,15,5,-10
665,2017-08-24 12:00:00,14,8,-6
665,2017-08-24 18:00:00,6,16,10
665,2017-08-25 00:00:00,0,0,0
665,2017-08-25 06:00:00,13,6,-7
665,2017-08-25 12:00:00,16,12,-4
665,2017-08-25 18:00:00,2,5,3
665,2017-08-26 00:00:00,1,2,1
665,2017-08-26 06:00:00,6,4,-2
665,2017-08-26 12:00:00,12,9,-3
665,2017-08-26 18:00:00,8,11,3
665,2017-08-27 00:00:00,0,1,1
665,2017-08-27 06:00:00,14,1,-13
665,2017-08-27 12:00:00,5,23,18
665,2017-08-27 18:00:00,12,21,9
665,2017-08-28 00:00:00,0,0,0
665,2017-08-28 06:00:00,3,2,-1
665,2017-08-28 12:00:00,21,14,-7
665,2017-08-28 18:00:00,7,13,6
665,2017-08-29 00:00:00,0,0,0
665,2017-08-29 06:00:00,16,10,-6
665,2017-08-29 12:00:00,9,13,4
665,2017-08-29 18:00:00,9,10,1
665,2017-08-30 00:00:00,0,0,0
665,2017-08-30 06:00:00,14,7,-7
665,2017-08-30 12:00:00,2,4,2
665,2017-08-30 18:00:00,3,10,7
665,2017-08-31 00:00:00,0,0,0
665,2017-08-31 06:00:00,15,6,-9
665,2017-08-31 12:00:00,10,9,-1
665,2017-08-31 18:00:00,10,12,2
665,2017-09-01 00:00:00,0,1,1
665,2017-09-01 06:00:00,13,9,-4
665,2017-09-01 12:00:00,9,9,0
665,2017-09-01 18:00:00,7,10,3
665,2017-09-02 00:00:00,1,0,-1
665,2017-09-02 06:00:00,5,7,2
665,2017-09-02 12:00:00,24,20,-4
665,2017-09-02 18:00:00,8,10,2
665,2017-09-03 00:00:00,0,0,0
665,2017-09-03 06:00:00,8,2,-6
665,2017-09-03 12:00:00,12,18,6
665,2017-09-03 18:00:00,4,2,-2
665,2017-09-04 00:00:00,2,0,-2
665,2017-09-04 06:00:00,9,5,-4
665,2017-09-04 12:00:00,3,5,2
665,2017-09-04 18:00:00,16,16,0
665,2017-09-05 00:00:00,0,0,0
665,2017-09-05 06:00:00,14,7,-7
665,2017-09-05 12:00:00,8,6,-2
665,2017-09-05 18:00:00,5,8,3
665,2017-09-06 00:00:00,0,0,0
665,2017-09-06 06:00:00,18,4,-14
665,2017-09-06 12:00:00,6,11,5
665,2017-09-06 18:00:00,13,17,4
665,2017-09-07 00:00:00,0,0,0
665,2017-09-07 06:00:00,14,6,-8
665,2017-09-07 12:00:00,7,11,4
665,2017-09-07 18:00:00,6,14,8
665,2017-09-08 00:00:00,1,0,-1
665,2017-09-08 06:00:00,6,6,0
665,2017-09-08 12:00:00,4,4,0
665,2017-09-08 18:00:00,3,4,1
665,2017-09-09 00:00:00,0,1,1
665,2017-09-09 06:00:00,9,6,-3
665,2017-09-09 12:00:00,13,10,-3
665,2017-09-09 18:00:00,5,5,0
665,2017-09-10 00:00:00,1,3,2
665,2017-09-10 06:00:00,6,5,-1
665,2017-09-10 12:00:00,10,17,7
665,2017-09-10 18:00:00,6,6,0
665,2017-09-11 00:00:00,0,0,0
665,2017-09-11 06:00:00,8,4,-4
665,2017-09-11 12:00:00,4,6,2
665,2017-09-11 18:00:00,5,10,5
665,2017-09-12 00:00:00,0,0,0
665,2017-09-12 06:00:00,16,7,-9
665,2017-09-12 12:00:00,6,4,-2
665,2017-09-12 18:00:00,11,9,-2
665,2017-09-13 00:00:00,0,0,0
665,2017-09-13 06:00:00,8,6,-2
665,2017-09-13 12:00:00,6,5,-1
665,2017-09-13 18:00:00,3,10,7
665,2017-09-14 00:00:00,0,1,1
665,2017-09-14 06:00:00,13,10,-3
665,2017-09-14 12:00:00,2,6,4
665,2017-09-14 18:00:00,7,7,0
665,2017-09-15 00:00:00,0,1,1
665,2017-09-15 06:00:00,12,4,-8
665,2017-09-15 12:00:00,5,8,3
665,2017-09-15 18:00:00,4,7,3
665,2017-09-16 00:00:00,0,1,1
665,2017-09-16 06:00:00,7,5,-2
665,2017-09-16 12:00:00,25,17,-8
665,2017-09-16 18:00:00,2,16,14
665,2017-09-17 00:00:00,0,2,2
665,2017-09-17 06:00:00,3,4,1
665,2017-09-17 12:00:00,12,13,1
665,2017-09-17 18:00:00,4,4,0
665,2017-09-18 00:00:00,0,0,0
665,2017-09-18 06:00:00,10,2,-8
665,2017-09-18 12:00:00,5,7,2
665,2017-09-18 18:00:00,2,9,7
665,2017-09-19 00:00:00,0,0,0
665,2017-09-19 06:00:00,15,4,-11
665,2017-09-19 12:00:00,3,9,6
665,2017-09-19 18:00:00,11,10,-1
678,2017-08-01 00:00:00,0,0,0
678,2017-08-01 06:00:00,1,1,0
678,2017-08-01 12:00:00,2,2,0
678,2017-08-01 18:00:00,1,6,5
678,2017-08-02 00:00:00,0,0,0
678,2017-08-02 06:00:00,3,1,-2
678,2017-08-02 12:00:00,0,1,1
678,2017-08-02 18:00:00,0,3,3
678,2017-08-03 00:00:00,0,0,0
678,2017-08-03 06:00:00,4,1,-3
678,2017-08-03 12:00:00,2,2,0
678,2017-08-03 18:00:00,0,1,1
678,2017-08-04 00:00:00,0,1,1
678,2017-08-04 06:00:00,4,2,-2
678,2017-08-04 12:00:00,1,1,0
678,2017-08-04 18:00:00,2,4,2
678,2017-08-05 00:00:00,0,0,0
678,2017-08-05 06:00:00,1,0,-1
678,2017-08-05 12:00:00,0,1,1
678,2017-08-05 18:00:00,0,3,3
678,2017-08-06 00:00:00,0,0,0
678,2017-08-06 06:00:00,0,2,2
678,2017-08-06 12:00:00,1,5,4
678,2017-08-06 18:00:00,0,0,0
678,2017-08-07 00:00:00,0,2,2
678,2017-08-07 06:00:00,7,1,-6
678,2017-08-07 12:00:00,2,1,-1
678,2017-08-07 18:00:00,0,1,1
678,2017-08-08 00:00:00,0,0,0
678,2017-08-08 06:00:00,3,2,-1
678,2017-08-08 12:00:00,3,1,-2
678,2017-08-08 18:00:00,2,6,4
678,2017-08-09 00:00:00,0,0,0
678,2017-08-09 06:00:00,4,1,-3
678,2017-08-09 12:00:00,0,1,1
678,2017-08-09 18:00:00,0,0,0
678,2017-08-10 00:00:00,1,0,-1
678,2017-08-10 06:00:00,6,3,-3
678,2017-08-10 12:00:00,4,2,-2
678,2017-08-10 18:00:00,1,3,2
678,2017-08-11 00:00:00,0,0,0
678,2017-08-11 06:00:00,2,1,-1
678,2017-08-11 12:00:00,3,1,-2
678,2017-08-11 18:00:00,1,0,-1
678,2017-08-12 00:00:00,0,1,1
678,2017-08-12 06:00:00,1,1,0
678,2017-08-12 12:00:00,2,0,-2
678,2017-08-12 18:00:00,0,0,0
678,2017-08-13 00:00:00,1,1,0
678,2017-08-13 06:00:00,0,0,0
678,2017-08-13 12:00:00,2,1,-1
678,2017-08-13 18:00:00,0,0,0
678,2017-08-14 00:00:00,0,0,0
678,2017-08-14 06:00:00,3,2,-1
678,2017-08-14 12:00:00,1,2,1
678,2017-08-14 18:00:00,0,5,5
678,2017-08-15 00:00:00,0,0,0
678,2017-08-15 06:00:00,5,1,-4
678,2017-08-15 12:00:00,2,1,-1
678,2017-08-15 18:00:00,1,3,2
678,2017-08-16 00:00:00,0,0,0
678,2017-08-16 06:00:00,4,1,-3
678,2017-08-16 12:00:00,4,5,1
678,2017-08-16 18:00:00,1,9,8
678,2017-08-17 00:00:00,0,0,0
678,2017-08-17 06:00:00,3,1,-2
678,2017-08-17 12:00:00,2,3,1
678,2017-08-17 18:00:00,0,2,2
678,2017-08-18 00:00:00,0,0,0
678,2017-08-18 06:00:00,6,1,-5
678,2017-08-18 12:00:00,0,3,3
678,2017-08-18 18:00:00,1,1,0
678,2017-08-19 00:00:00,0,0,0
678,2017-08-19 06:00:00,1,0,-1
678,2017-08-19 12:00:00,9,1,-8
678,2017-08-19 18:00:00,0,2,2
678,2017-08-20 00:00:00,0,0,0
678,2017-08-20 06:00:00,0,0,0
678,2017-08-20 12:00:00,8,8,0
678,2017-08-20 18:00:00,0,1,1
678,2017-08-21 00:00:00,1,0,-1
678,2017-08-21 06:00:00,3,0,-3
678,2017-08-21 12:00:00,4,2,-2
678,2017-08-21 18:00:00,2,3,1
678,2017-08-22 00:00:00,0,0,0
678,2017-08-22 06:00:00,7,1,-6
678,2017-08-22 12:00:00,3,0,-3
678,2017-08-22 18:00:00,1,5,4
678,2017-08-23 00:00:00,0,0,0
678,2017-08-23 06:00:00,4,1,-3
678,2017-08-23 12:00:00,4,3,-1
678,2017-08-23 18:00:00,0,8,8
678,2017-08-24 00:00:00,0,0,0
678,2017-08-24 06:00:00,5,1,-4
678,2017-08-24 12:00:00,2,1,-1
678,2017-08-24 18:00:00,0,1,1
678,2017-08-25 00:00:00,0,0,0
678,2017-08-25 06:00:00,3,2,-1
678,2017-08-25 12:00:00,7,5,-2
678,2017-08-25 18:00:00,1,2,1
678,2017-08-26 00:00:00,0,0,0
678,2017-08-26 06:00:00,6,1,-5
678,2017-08-26 12:00:00,9,2,-7
678,2017-08-26 18:00:00,0,4,4
678,2017-08-27 00:00:00,0,3,3
678,2017-08-27 06:00:00,2,2,0
678,2017-08-27 12:00:00,3,6,3
678,2017-08-27 18:00:00,4,17,13
678,2017-08-28 00:00:00,0,0,0
678,2017-08-28 06:00:00,4,0,-4
678,2017-08-28 12:00:00,11,13,2
678,2017-08-28 18:00:00,1,3,2
678,2017-08-29 00:00:00,1,0,-1
678,2017-08-29 06:00:00,7,4,-3
678,2017-08-29 12:00:00,1,0,-1
678,2017-08-29 18:00:00,1,6,5
678,2017-08-30 00:00:00,0,0,0
678,2017-08-30 06:00:00,3,2,-1
678,2017-08-30 12:00:00,0,0,0
678,2017-08-30 18:00:00,3,2,-1
678,2017-08-31 00:00:00,0,0,0
678,2017-08-31 06:00:00,4,2,-2
678,2017-08-31 12:00:00,1,4,3
678,2017-08-31 18:00:00,1,0,-1
678,2017-09-01 00:00:00,0,0,0
678,2017-09-01 06:00:00,2,1,-1
678,2017-09-01 12:00:00,3,2,-1
678,2017-09-01 18:00:00,3,2,-1
678,2017-09-02 00:00:00,0,0,0
678,2017-09-02 06:00:00,2,0,-2
678,2017-09-02 12:00:00,6,0,-6
678,2017-09-02 18:00:00,0,3,3
678,2017-09-03 00:00:00,3,2,-1
678,2017-09-03 06:00:00,2,0,-2
678,2017-09-03 12:00:00,1,0,-1
678,2017-09-03 18:00:00,0,2,2
678,2017-09-04 00:00:00,1,0,-1
678,2017-09-04 06:00:00,3,0,-3
678,2017-09-04 12:00:00,0,0,0
678,2017-09-04 18:00:00,1,3,2
678,2017-09-05 00:00:00,0,1,1
678,2017-09-05 06:00:00,5,2,-3
678,2017-09-05 12:00:00,1,2,1
678,2017-09-05 18:00:00,1,2,1
678,2017-09-06 00:00:00,0,0,0
678,2017-09-06 06:00:00,2,2,0
678,2017-09-06 12:00:00,2,0,-2
678,2017-09-06 18:00:00,4,11,7
678,2017-09-07 00:00:00,1,0,-1
678,2017-09-07 06:00:00,4,2,-2
678,2017-09-07 12:00:00,1,0,-1
678,2017-09-07 18:00:00,0,5,5
678,2017-09-08 00:00:00,0,0,0
678,2017-09-08 06:00:00,3,1,-2
678,2017-09-08 12:00:00,0,1,1
678,2017-09-08 18:00:00,2,1,-1
678,2017-09-09 00:00:00,0,0,0
678,2017-09-09 06:00:00,1,0,-1
678,2017-09-09 12:00:00,1,2,1
678,2017-09-09 18:00:00,1,2,1
678,2017-09-10 00:00:00,0,0,0
678,2017-09-10 06:00:00,1,0,-1
678,2017-09-10 12:00:00,4,0,-4
678,2017-09-10 18:00:00,0,0,0
678,2017-09-11 00:00:00,0,0,0
678,2017-09-11 06:00:00,0,0,0
678,2017-09-11 12:00:00,0,1,1
678,2017-09-11 18:00:00,1,2,1
678,2017-09-12 00:00:00,0,0,0
678,2017-09-12 06:00:00,4,2,-2
678,2017-09-12 12:00:00,1,3,2
678,2017-09-12 18:00:00,0,4,4
678,2017-09-13 00:00:00,1,0,-1
678,2017-09-13 06:00:00,4,2,-2
678,2017-09-13 12:00:00,1,0,-1
678,2017-09-13 18:00:00,3,2,-1
678,2017-09-14 00:00:00,0,0,0
678,2017-09-14 06:00:00,2,0,-2
678,2017-09-14 12:00:00,1,2,1
678,2017-09-14 18:00:00,0,2,2
678,2017-09-15 00:00:00,0,1,1
678,2017-09-15 06:00:00,5,2,-3
678,2017-09-15 12:00:00,4,4,0
678,2017-09-15 18:00:00,1,2,1
678,2017-09-16 00:00:00,0,0,0
678,2017-09-16 06:00:00,4,0,-4
678,2017-09-16 12:00:00,3,1,-2
678,2017-09-16 18:00:00,0,3,3
678,2017-09-17 00:00:00,0,1,1
678,2017-09-17 06:00:00,1,1,0
678,2017-09-17 12:00:00,4,1,-3
678,2017-09-17 18:00:00,0,1,1
678,2017-09-18 00:00:00,0,0,0
678,2017-09-18 06:00:00,4,1,-3
678,2017-09-18 12:00:00,1,0,-1
678,2017-09-18 18:00:00,1,2,1
678,2017-09-19 00:00:00,1,0,-1
678,2017-09-19 06:00:00,3,2,-1
678,2017-09-19 12:00:00,1,1,0
678,2017-09-19 18:00:00,0,4,4
684,2017-08-01 00:00:00,1,0,-1
684,2017-08-01 06:00:00,6,8,2
684,2017-08-01 12:00:00,9,8,-1
684,2017-08-01 18:00:00,7,6,-1
684,2017-08-02 00:00:00,0,0,0
684,2017-08-02 06:00:00,9,3,-6
684,2017-08-02 12:00:00,6,7,1
684,2017-08-02 18:00:00,2,8,6
684,2017-08-03 00:00:00,0,0,0
684,2017-08-03 06:00:00,3,3,0
684,2017-08-03 12:00:00,4,2,-2
684,2017-08-03 18:00:00,7,6,-1
684,2017-08-04 00:00:00,1,0,-1
684,2017-08-04 06:00:00,5,6,1
684,2017-08-04 12:00:00,8,5,-3
684,2017-08-04 18:00:00,2,7,5
684,2017-08-05 00:00:00,0,2,2
684,2017-08-05 06:00:00,7,8,1
684,2017-08-05 12:00:00,10,9,-1
684,2017-08-05 18:00:00,4,6,2
684,2017-08-06 00:00:00,0,0,0
684,2017-08-06 06:00:00,6,2,-4
684,2017-08-06 12:00:00,11,13,2
684,2017-08-06 18:00:00,5,4,-1
684,2017-08-07 00:00:00,4,0,-4
684,2017-08-07 06:00:00,8,2,-6
684,2017-08-07 12:00:00,4,10,6
684,2017-08-07 18:00:00,7,13,6
684,2017-08-08 00:00:00,1,0,-1
684,2017-08-08 06:00:00,15,7,-8
684,2017-08-08 12:00:00,7,7,0
684,2017-08-08 18:00:00,13,13,0
684,2017-08-09 00:00:00,0,0,0
684,2017-08-09 06:00:00,7,3,-4
684,2017-08-09 12:00:00,0,0,0
684,2017-08-09 18:00:00,2,2,0
684,2017-08-10 00:00:00,0,0,0
684,2017-08-10 06:00:00,4,4,0
684,2017-08-10 12:00:00,4,5,1
684,2017-08-10 18:00:00,9,17,8
684,2017-08-11 00:00:00,1,1,0
684,2017-08-11 06:00:00,6,6,0
684,2017-08-11 12:00:00,9,14,5
684,2017-08-11 18:00:00,8,9,1
684,2017-08-12 00:00:00,1,1,0
684,2017-08-12 06:00:00,1,5,4
684,2017-08-12 12:00:00,14,19,5
684,2017-08-12 18:00:00,9,11,2
684,2017-08-13 00:00:00,1,0,-1
684,2017-08-13 06:00:00,3,3,0
684,2017-08-13 12:00:00,28,25,-3
684,2017-08-13 18:00:00,11,13,2
684,2017-08-14 00:00:00,0,1,1
684,2017-08-14 06:00:00,6,3,-3
684,2017-08-14 12:00:00,8,9,1
684,2017-08-14 18:00:00,7,14,7
684,2017-08-15 00:00:00,2,2,0
684,2017-08-15 06:00:00,7,4,-3
684,2017-08-15 12:00:00,8,12,4
684,2017-08-15 18:00:00,6,7,1
684,2017-08-16 00:00:00,0,0,0
684,2017-08-16 06:00:00,7,2,-5
684,2017-08-16 12:00:00,6,6,0
684,2017-08-16 18:00:00,4,9,5
684,2017-08-17 00:00:00,1,1,0
684,2017-08-17 06:00:00,6,0,-6
684,2017-08-17 12:00:00,2,6,4
684,2017-08-17 18:00:00,6,7,1
684,2017-08-18 00:00:00,0,1,1
684,2017-08-18 06:00:00,3,3,0
684,2017-08-18 12:00:00,7,6,-1
684,2017-08-18 18:00:00,6,7,1
684,2017-08-19 00:00:00,0,3,3
684,2017-08-19 06:00:00,5,4,-1
684,2017-08-19 12:00:00,10,11,1
684,2017-08-19 18:00:00,2,3,1
684,2017-08-20 00:00:00,1,0,-1
684,2017-08-20 06:00:00,1,3,2
684,2017-08-20 12:00:00,11,15,4
684,2017-08-20 18:00:00,1,1,0
684,2017-08-21 00:00:00,0,0,0
684,2017-08-21 06:00:00,5,1,-4
684,2017-08-21 12:00:00,4,7,3
684,2017-08-21 18:00:00,4,12,8
684,2017-08-22 00:00:00,0,0,0
684,2017-08-22 06:00:00,5,1,-4
684,2017-08-22 12:00:00,5,5,0
684,2017-08-22 18:00:00,4,13,9
684,2017-08-23 00:00:00,0,0,0
684,2017-08-23 06:00:00,9,4,-5
684,2017-08-23 12:00:00,4,12,8
684,2017-08-23 18:00:00,6,4,-2
684,2017-08-24 00:00:00,0,1,1
684,2017-08-24 06:00:00,6,5,-1
684,2017-08-24 12:00:00,12,11,-1
684,2017-08-24 18:00:00,3,6,3
684,2017-08-25 00:00:00,0,0,0
684,2017-08-25 06:00:00,12,12,0
684,2017-08-25 12:00:00,6,8,2
684,2017-08-25 18:00:00,3,3,0
684,2017-08-26 00:00:00,0,0,0
684,2017-08-26 06:00:00,10,4,-6
684,2017-08-26 12:00:00,22,25,3
684,2017-08-26 18:00:00,3,4,1
684,2017-08-27 00:00:00,0,1,1
684,2017-08-27 06:00:00,2,1,-1
684,2017-08-27 12:00:00,8,7,-1
684,2017-08-27 18:00:00,7,9,2
684,2017-08-28 00:00:00,0,0,0
684,2017-08-28 06:00:00,8,8,0
684,2017-08-28 12:00:00,33,33,0
684,2017-08-28 18:00:00,10,19,9
684,2017-08-29 00:00:00,1,0,-1
684,2017-08-29 06:00:00,7,5,-2
684,2017-08-29 12:00:00,6,7,1
684,2017-08-29 18:00:00,7,13,6
684,2017-08-30 00:00:00,0,0,0
684,2017-08-30 06:00:00,8,2,-6
684,2017-08-30 12:00:00,1,6,5
684,2017-08-30 18:00:00,5,7,2
684,2017-08-31 00:00:00,0,1,1
684,2017-08-31 06:00:00,6,2,-4
684,2017-08-31 12:00:00,8,8,0
684,2017-08-31 18:00:00,4,9,5
684,2017-09-01 00:00:00,0,0,0
684,2017-09-01 06:00:00,3,2,-1
684,2017-09-01 12:00:00,4,5,1
684,2017-09-01 18:00:00,0,1,1
684,2017-09-02 00:00:00,0,0,0
684,2017-09-02 06:00:00,6,9,3
684,2017-09-02 12:00:00,9,12,3
684,2017-09-02 18:00:00,3,6,3
684,2017-09-03 00:00:00,0,3,3
684,2017-09-03 06:00:00,6,2,-4
684,2017-09-03 12:00:00,5,8,3
684,2017-09-03 18:00:00,6,7,1
684,2017-09-04 00:00:00,0,0,0
684,2017-09-04 06:00:00,3,0,-3
684,2017-09-04 12:00:00,2,5,3
684,2017-09-04 18:00:00,2,2,0
684,2017-09-05 00:00:00,0,0,0
684,2017-09-05 06:00:00,4,0,-4
684,2017-09-05 12:00:00,4,8,4
684,2017-09-05 18:00:00,3,3,0
684,2017-09-06 00:00:00,1,0,-1
684,2017-09-06 06:00:00,5,0,-5
684,2017-09-06 12:00:00,5,8,3
684,2017-09-06 18:00:00,3,5,2
684,2017-09-07 00:00:00,0,0,0
684,2017-09-07 06:00:00,10,0,-10
684,2017-09-07 12:00:00,5,6,1
684,2017-09-07 18:00:00,3,13,10
684,2017-09-08 00:00:00,2,0,-2
684,2017-09-08 06:00:00,5,4,-1
684,2017-09-08 12:00:00,3,4,1
684,2017-09-08 18:00:00,1,7,6
684,2017-09-09 00:00:00,0,1,1
684,2017-09-09 06:00:00,4,8,4
684,2017-09-09 12:00:00,7,14,7
684,2017-09-09 18:00:00,3,3,0
684,2017-09-10 00:00:00,0,0,0
684,2017-09-10 06:00:00,1,1,0
684,2017-09-10 12:00:00,16,9,-7
684,2017-09-10 18:00:00,2,5,3
684,2017-09-11 00:00:00,0,0,0
684,2017-09-11 06:00:00,5,2,-3
684,2017-09-11 12:00:00,1,4,3
684,2017-09-11 18:00:00,1,4,3
684,2017-09-12 00:00:00,0,0,0
684,2017-09-12 06:00:00,6,1,-5
684,2017-09-12 12:00:00,0,4,4
684,2017-09-12 18:00:00,0,2,2
684,2017-09-13 00:00:00,0,0,0
684,2017-09-13 06:00:00,4,2,-2
684,2017-09-13 12:00:00,4,7,3
684,2017-09-13 18:00:00,2,2,0
684,2017-09-14 00:00:00,0,0,0
684,2017-09-14 06:00:00,6,4,-2
684,2017-09-14 12:00:00,10,11,1
684,2017-09-14 18:00:00,3,3,0
684,2017-09-15 00:00:00,0,1,1
684,2017-09-15 06:00:00,7,7,0
684,2017-09-15 12:00:00,1,5,4
684,2017-09-15 18:00:00,5,9,4
684,2017-09-16 00:00:00,0,2,2
684,2017-09-16 06:00:00,2,7,5
684,2017-09-16 12:00:00,4,10,6
684,2017-09-16 18:00:00,2,3,1
684,2017-09-17 00:00:00,0,2,2
684,2017-09-17 06:00:00,4,2,-2
684,2017-09-17 12:00:00,5,7,2
684,2017-09-17 18:00:00,6,9,3
684,2017-09-18 00:00:00,1,0,-1
684,2017-09-18 06:00:00,6,2,-4
684,2017-09-18 12:00:00,2,10,8
684,2017-09-18 18:00:00,3,4,1
684,2017-09-19 00:00:00,0,0,0
684,2017-09-19 06:00:00,6,4,-2
684,2017-09-19 12:00:00,1,5,4
684,2017-09-19 18:00:00,3,3,0
685,2017-08-01 00:00:00,0,0,0
685,2017-08-01 06:00:00,14,5,-9
685,2017-08-01 12:00:00,3,6,3
685,2017-08-01 18:00:00,2,8,6
685,2017-08-02 00:00:00,0,0,0
685,2017-08-02 06:00:00,16,5,-11
685,2017-08-02 12:00:00,3,6,3
685,2017-08-02 18:00:00,4,10,6
685,2017-08-03 00:00:00,0,1,1
685,2017-08-03 06:00:00,12,4,-8
685,2017-08-03 12:00:00,2,5,3
685,2017-08-03 18:00:00,1,7,6
685,2017-08-04 00:00:00,0,0,0
685,2017-08-04 06:00:00,19,7,-12
685,2017-08-04 12:00:00,5,7,2
685,2017-08-04 18:00:00,3,12,9
685,2017-08-05 00:00:00,0,0,0
685,2017-08-05 06:00:00,5,3,-2
685,2017-08-05 12:00:00,8,8,0
685,2017-08-05 18:00:00,6,6,0
685,2017-08-06 00:00:00,0,1,1
685,2017-08-06 06:00:00,3,3,0
685,2017-08-06 12:00:00,7,9,2
685,2017-08-06 18:00:00,2,5,3
685,2017-08-07 00:00:00,0,0,0
685,2017-08-07 06:00:00,19,6,-13
685,2017-08-07 12:00:00,4,6,2
685,2017-08-07 18:00:00,1,9,8
685,2017-08-08 00:00:00,0,0,0
685,2017-08-08 06:00:00,17,7,-10
685,2017-08-08 12:00:00,4,11,7
685,2017-08-08 18:00:00,3,14,11
685,2017-08-09 00:00:00,0,0,0
685,2017-08-09 06:00:00,12,4,-8
685,2017-08-09 12:00:00,3,2,-1
685,2017-08-09 18:00:00,0,3,3
685,2017-08-10 00:00:00,0,0,0
685,2017-08-10 06:00:00,15,7,-8
685,2017-08-10 12:00:00,6,10,4
685,2017-08-10 18:00:00,2,14,12
685,2017-08-11 00:00:00,0,0,0
685,2017-08-11 06:00:00,19,6,-13
685,2017-08-11 12:00:00,3,13,10
685,2017-08-11 18:00:00,4,7,3
685,2017-08-12 00:00:00,0,0,0
685,2017-08-12 06:00:00,0,0,0
685,2017-08-12 12:00:00,3,2,-1
685,2017-08-12 18:00:00,0,1,1
685,2017-08-13 00:00:00,0,0,0
685,2017-08-13 06:00:00,1,0,-1
685,2017-08-13 12:00:00,5,17,12
685,2017-08-13 18:00:00,0,0,0
685,2017-08-14 00:00:00,0,0,0
685,2017-08-14 06:00:00,17,12,-5
685,2017-08-14 12:00:00,11,11,0
685,2017-08-14 18:00:00,5,8,3
685,2017-08-15 00:00:00,1,0,-1
685,2017-08-15 06:00:00,18,7,-11
685,2017-08-15 12:00:00,5,10,5
685,2017-08-15 18:00:00,9,16,7
685,2017-08-16 00:00:00,1,0,-1
685,2017-08-16 06:00:00,20,7,-13
685,2017-08-16 12:00:00,5,10,5
685,2017-08-16 18:00:00,5,13,8
685,2017-08-17 00:00:00,1,0,-1
685,2017-08-17 06:00:00,15,6,-9
685,2017-08-17 12:00:00,6,4,-2
685,2017-08-17 18:00:00,2,14,12
685,2017-08-18 00:00:00,0,0,0
685,2017-08-18 06:00:00,17,8,-9
685,2017-08-18 12:00:00,7,5,-2
685,2017-08-18 18:00:00,1,11,10
685,2017-08-19 00:00:00,0,0,0
685,2017-08-19 06:00:00,6,2,-4
685,2017-08-19 12:00:00,6,9,3
685,2017-08-19 18:00:00,3,4,1
685,2017-08-20 00:00:00,0,0,0
685,2017-08-20 06:00:00,1,0,-1
685,2017-08-20 12:00:00,6,6,0
685,2017-08-20 18:00:00,1,3,2
685,2017-08-21 00:00:00,0,0,0
685,2017-08-21 06:00:00,11,4,-7
685,2017-08-21 12:00:00,9,9,0
685,2017-08-21 18:00:00,4,10,6
685,2017-08-22 00:00:00,0,0,0
685,2017-08-22 06:00:00,23,5,-18
685,2017-08-22 12:00:00,10,9,-1
685,2017-08-22 18:00:00,4,9,5
685,2017-08-23 00:00:00,0,0,0
685,2017-08-23 06:00:00,13,2,-11
685,2017-08-23 12:00:00,6,7,1
685,2017-08-23 18:00:00,4,20,16
685,2017-08-24 00:00:00,0,0,0
685,2017-08-24 06:00:00,15,9,-6
685,2017-08-24 12:00:00,5,10,5
685,2017-08-24 18:00:00,3,10,7
685,2017-08-25 00:00:00,0,0,0
685,2017-08-25 06:00:00,13,2,-11
685,2017-08-25 12:00:00,8,9,1
685,2017-08-25 18:00:00,1,11,10
685,2017-08-26 00:00:00,0,0,0
685,2017-08-26 06:00:00,5,2,-3
685,2017-08-26 12:00:00,5,5,0
685,2017-08-26 18:00:00,0,2,2
685,2017-08-27 00:00:00,0,0,0
685,2017-08-27 06:00:00,3,0,-3
685,2017-08-27 12:00:00,7,11,4
685,2017-08-27 18:00:00,3,3,0
685,2017-08-28 00:00:00,0,0,0
685,2017-08-28 06:00:00,4,1,-3
685,2017-08-28 12:00:00,6,7,1
685,2017-08-28 18:00:00,3,7,4
685,2017-08-29 00:00:00,0,0,0
685,2017-08-29 06:00:00,21,5,-16
685,2017-08-29 12:00:00,6,8,2
685,2017-08-29 18:00:00,5,19,14
685,2017-08-30 00:00:00,0,0,0
685,2017-08-30 06:00:00,15,6,-9
685,2017-08-30 12:00:00,3,3,0
685,2017-08-30 18:00:00,3,8,5
685,2017-08-31 00:00:00,0,1,1
685,2017-08-31 06:00:00,19,5,-14
685,2017-08-31 12:00:00,6,7,1
685,2017-08-31 18:00:00,3,18,15
685,2017-09-01 00:00:00,0,1,1
685,2017-09-01 06:00:00,16,6,-10
685,2017-09-01 12:00:00,7,8,1
685,2017-09-01 18:00:00,7,15,8
685,2017-09-02 00:00:00,1,1,0
685,2017-09-02 06:00:00,10,5,-5
685,2017-09-02 12:00:00,7,11,4
685,2017-09-02 18:00:00,4,3,-1
685,2017-09-03 00:00:00,0,0,0
685,2017-09-03 06:00:00,2,1,-1
685,2017-09-03 12:00:00,6,16,10
685,2017-09-03 18:00:00,0,2,2
685,2017-09-04 00:00:00,0,0,0
685,2017-09-04 06:00:00,9,2,-7
685,2017-09-04 12:00:00,6,6,0
685,2017-09-04 18:00:00,2,9,7
685,2017-09-05 00:00:00,0,0,0
685,2017-09-05 06:00:00,11,3,-8
685,2017-09-05 12:00:00,3,8,5
685,2017-09-05 18:00:00,1,2,1
685,2017-09-06 00:00:00,0,0,0
685,2017-09-06 06:00:00,22,2,-20
685,2017-09-06 12:00:00,4,6,2
685,2017-09-06 18:00:00,5,16,11
685,2017-09-07 00:00:00,0,4,4
685,2017-09-07 06:00:00,17,7,-10
685,2017-09-07 12:00:00,4,2,-2
685,2017-09-07 18:00:00,1,10,9
685,2017-09-08 00:00:00,0,0,0
685,2017-09-08 06:00:00,14,5,-9
685,2017-09-08 12:00:00,4,4,0
685,2017-09-08 18:00:00,3,6,3
685,2017-09-09 00:00:00,0,0,0
685,2017-09-09 06:00:00,5,5,0
685,2017-09-09 12:00:00,11,12,1
685,2017-09-09 18:00:00,1,7,6
685,2017-09-10 00:00:00,0,0,0
685,2017-09-10 06:00:00,2,1,-1
685,2017-09-10 12:00:00,6,6,0
685,2017-09-10 18:00:00,1,6,5
685,2017-09-11 00:00:00,0,0,0
685,2017-09-11 06:00:00,15,7,-8
685,2017-09-11 12:00:00,5,7,2
685,2017-09-11 18:00:00,1,10,9
685,2017-09-12 00:00:00,0,0,0
685,2017-09-12 06:00:00,12,9,-3
685,2017-09-12 12:00:00,4,8,4
685,2017-09-12 18:00:00,5,7,2
685,2017-09-13 00:00:00,0,0,0
685,2017-09-13 06:00:00,17,5,-12
685,2017-09-13 12:00:00,5,4,-1
685,2017-09-13 18:00:00,6,12,6
685,2017-09-14 00:00:00,0,0,0
685,2017-09-14 06:00:00,20,8,-12
685,2017-09-14 12:00:00,1,6,5
685,2017-09-14 18:00:00,2,12,10
685,2017-09-15 00:00:00,0,1,1
685,2017-09-15 06:00:00,15,4,-11
685,2017-09-15 12:00:00,3,7,4
685,2017-09-15 18:00:00,3,9,6
685,2017-09-16 00:00:00,0,3,3
685,2017-09-16 06:00:00,6,2,-4
685,2017-09-16 12:00:00,5,9,4
685,2017-09-16 18:00:00,4,8,4
685,2017-09-17 00:00:00,0,2,2
685,2017-09-17 06:00:00,3,5,2
685,2017-09-17 12:00:00,6,11,5
685,2017-09-17 18:00:00,1,0,-1
685,2017-09-18 00:00:00,1,0,-1
685,2017-09-18 06:00:00,19,2,-17
685,2017-09-18 12:00:00,5,5,0
685,2017-09-18 18:00:00,2,17,15
685,2017-09-19 00:00:00,1,0,-1
685,2017-09-19 06:00:00,15,5,-10
685,2017-09-19 12:00:00,5,4,-1
685,2017-09-19 18:00:00,5,12,7
688,2017-08-01 00:00:00,0,2,2
688,2017-08-01 06:00:00,9,7,-2
688,2017-08-01 12:00:00,13,8,-5
688,2017-08-01 18:00:00,9,12,3
688,2017-08-02 00:00:00,0,0,0
688,2017-08-02 06:00:00,6,4,-2
688,2017-08-02 12:00:00,1,2,1
688,2017-08-02 18:00:00,3,2,-1
688,2017-08-03 00:00:00,0,0,0
688,2017-08-03 06:00:00,5,3,-2
688,2017-08-03 12:00:00,3,3,0
688,2017-08-03 18:00:00,3,4,1
688,2017-08-04 00:00:00,2,1,-1
688,2017-08-04 06:00:00,5,9,4
688,2017-08-04 12:00:00,6,5,-1
688,2017-08-04 18:00:00,5,9,4
688,2017-08-05 00:00:00,1,2,1
688,2017-08-05 06:00:00,1,5,4
688,2017-08-05 12:00:00,2,10,8
688,2017-08-05 18:00:00,1,7,6
688,2017-08-06 00:00:00,0,0,0
688,2017-08-06 06:00:00,2,1,-1
688,2017-08-06 12:00:00,1,8,7
688,2017-08-06 18:00:00,2,2,0
688,2017-08-07 00:00:00,0,0,0
688,2017-08-07 06:00:00,6,6,0
688,2017-08-07 12:00:00,2,1,-1
688,2017-08-07 18:00:00,3,4,1
688,2017-08-08 00:00:00,0,0,0
688,2017-08-08 06:00:00,4,4,0
688,2017-08-08 12:00:00,4,0,-4
688,2017-08-08 18:00:00,0,6,6
688,2017-08-09 00:00:00,0,0,0
688,2017-08-09 06:00:00,3,3,0
688,2017-08-09 12:00:00,1,1,0
688,2017-08-09 18:00:00,0,1,1
688,2017-08-10 00:00:00,0,0,0
688,2017-08-10 06:00:00,2,4,2
688,2017-08-10 12:00:00,4,3,-1
688,2017-08-10 18:00:00,0,2,2
688,2017-08-11 00:00:00,0,0,0
688,2017-08-11 06:00:00,2,3,1
688,2017-08-11 12:00:00,3,2,-1
688,2017-08-11 18:00:00,2,3,1
688,2017-08-12 00:00:00,0,0,0
688,2017-08-12 06:00:00,2,2,0
688,2017-08-12 12:00:00,0,0,0
688,2017-08-12 18:00:00,0,0,0
688,2017-08-13 00:00:00,0,0,0
688,2017-08-13 06:00:00,0,0,0
688,2017-08-13 12:00:00,0,0,0
688,2017-08-13 18:00:00,1,1,0
688,2017-08-14 00:00:00,0,0,0
688,2017-08-14 06:00:00,1,1,0
688,2017-08-14 12:00:00,3,1,-2
688,2017-08-14 18:00:00,7,7,0
688,2017-08-15 00:00:00,0,0,0
688,2017-08-15 06:00:00,7,3,-4
688,2017-08-15 12:00:00,2,0,-2
688,2017-08-15 18:00:00,4,8,4
688,2017-08-16 00:00:00,0,0,0
688,2017-08-16 06:00:00,7,2,-5
688,2017-08-16 12:00:00,10,6,-4
688,2017-08-16 18:00:00,5,11,6
688,2017-08-17 00:00:00,0,0,0
688,2017-08-17 06:00:00,2,3,1
688,2017-08-17 12:00:00,12,2,-10
688,2017-08-17 18:00:00,6,6,0
688,2017-08-18 00:00:00,1,1,0
688,2017-08-18 06:00:00,8,5,-3
688,2017-08-18 12:00:00,8,2,-6
688,2017-08-18 18:00:00,2,12,10
688,2017-08-19 00:00:00,0,3,3
688,2017-08-19 06:00:00,5,4,-1
688,2017-08-19 12:00:00,8,6,-2
688,2017-08-19 18:00:00,5,11,6
688,2017-08-20 00:00:00,0,0,0
688,2017-08-20 06:00:00,8,2,-6
688,2017-08-20 12:00:00,14,11,-3
688,2017-08-20 18:00:00,0,4,4
688,2017-08-21 00:00:00,0,0,0
688,2017-08-21 06:00:00,4,5,1
688,2017-08-21 12:00:00,3,4,1
688,2017-08-21 18:00:00,4,2,-2
688,2017-08-22 00:00:00,0,0,0
688,2017-08-22 06:00:00,8,3,-5
688,2017-08-22 12:00:00,7,2,-5
688,2017-08-22 18:00:00,0,2,2
688,2017-08-23 00:00:00,0,0,0
688,2017-08-23 06:00:00,2,5,3
688,2017-08-23 12:00:00,12,7,-5
688,2017-08-23 18:00:00,3,7,4
688,2017-08-24 00:00:00,0,0,0
688,2017-08-24 06:00:00,10,3,-7
688,2017-08-24 12:00:00,6,1,-5
688,2017-08-24 18:00:00,7,17,10
688,2017-08-25 00:00:00,0,0,0
688,2017-08-25 06:00:00,6,4,-2
688,2017-08-25 12:00:00,18,11,-7
688,2017-08-25 18:00:00,4,5,1
688,2017-08-26 00:00:00,0,2,2
688,2017-08-26 06:00:00,3,0,-3
688,2017-08-26 12:00:00,6,13,7
688,2017-08-26 18:00:00,6,6,0
688,2017-08-27 00:00:00,1,1,0
688,2017-08-27 06:00:00,3,1,-2
688,2017-08-27 12:00:00,12,13,1
688,2017-08-27 18:00:00,5,11,6
688,2017-08-28 00:00:00,0,2,2
688,2017-08-28 06:00:00,4,2,-2
688,2017-08-28 12:00:00,15,9,-6
688,2017-08-28 18:00:00,19,11,-8
688,2017-08-29 00:00:00,0,0,0
688,2017-08-29 06:00:00,4,5,1
688,2017-08-29 12:00:00,10,7,-3
688,2017-08-29 18:00:00,4,12,8
688,2017-08-30 00:00:00,0,0,0
688,2017-08-30 06:00:00,5,5,0
688,2017-08-30 12:00:00,4,1,-3
688,2017-08-30 18:00:00,4,2,-2
688,2017-08-31 00:00:00,0,0,0
688,2017-08-31 06:00:00,2,6,4
688,2017-08-31 12:00:00,7,1,-6
688,2017-08-31 18:00:00,4,6,2
688,2017-09-01 00:00:00,0,2,2
688,2017-09-01 06:00:00,7,5,-2
688,2017-09-01 12:00:00,6,3,-3
688,2017-09-01 18:00:00,2,5,3
688,2017-09-02 00:00:00,0,3,3
688,2017-09-02 06:00:00,3,4,1
688,2017-09-02 12:00:00,19,26,7
688,2017-09-02 18:00:00,7,6,-1
688,2017-09-03 00:00:00,6,11,5
688,2017-09-03 06:00:00,6,6,0
688,2017-09-03 12:00:00,12,7,-5
688,2017-09-03 18:00:00,2,1,-1
688,2017-09-04 00:00:00,0,0,0
688,2017-09-04 06:00:00,3,6,3
688,2017-09-04 12:00:00,5,4,-1
688,2017-09-04 18:00:00,1,9,8
688,2017-09-05 00:00:00,0,0,0
688,2017-09-05 06:00:00,3,5,2
688,2017-09-05 12:00:00,10,7,-3
688,2017-09-05 18:00:00,2,9,7
688,2017-09-06 00:00:00,1,0,-1
688,2017-09-06 06:00:00,6,4,-2
688,2017-09-06 12:00:00,4,1,-3
688,2017-09-06 18:00:00,11,5,-6
688,2017-09-07 00:00:00,0,0,0
688,2017-09-07 06:00:00,4,5,1
688,2017-09-07 12:00:00,8,6,-2
688,2017-09-07 18:00:00,3,4,1
688,2017-09-08 00:00:00,0,0,0
688,2017-09-08 06:00:00,4,7,3
688,2017-09-08 12:00:00,6,4,-2
688,2017-09-08 18:00:00,3,0,-3
688,2017-09-09 00:00:00,0,0,0
688,2017-09-09 06:00:00,3,3,0
688,2017-09-09 12:00:00,3,2,-1
688,2017-09-09 18:00:00,2,7,5
688,2017-09-10 00:00:00,1,4,3
688,2017-09-10 06:00:00,4,2,-2
688,2017-09-10 12:00:00,3,8,5
688,2017-09-10 18:00:00,1,0,-1
688,2017-09-11 00:00:00,1,0,-1
688,2017-09-11 06:00:00,4,7,3
688,2017-09-11 12:00:00,5,3,-2
688,2017-09-11 18:00:00,3,3,0
688,2017-09-12 00:00:00,0,0,0
688,2017-09-12 06:00:00,5,6,1
688,2017-09-12 12:00:00,7,5,-2
688,2017-09-12 18:00:00,6,5,-1
688,2017-09-13 00:00:00,0,0,0
688,2017-09-13 06:00:00,7,7,0
688,2017-09-13 12:00:00,1,3,2
688,2017-09-13 18:00:00,2,6,4
688,2017-09-14 00:00:00,0,0,0
688,2017-09-14 06:00:00,6,4,-2
688,2017-09-14 12:00:00,10,4,-6
688,2017-09-14 18:00:00,4,6,2
688,2017-09-15 00:00:00,0,0,0
688,2017-09-15 06:00:00,7,7,0
688,2017-09-15 12:00:00,9,2,-7
688,2017-09-15 18:00:00,3,3,0
688,2017-09-16 00:00:00,0,1,1
688,2017-09-16 06:00:00,7,4,-3
688,2017-09-16 12:00:00,14,1,-13
688,2017-09-16 18:00:00,1,6,5
688,2017-09-17 00:00:00,3,0,-3
688,2017-09-17 06:00:00,8,1,-7
688,2017-09-17 12:00:00,5,16,11
688,2017-09-17 18:00:00,3,8,5
688,2017-09-18 00:00:00,3,1,-2
688,2017-09-18 06:00:00,7,5,-2
688,2017-09-18 12:00:00,7,6,-1
688,2017-09-18 18:00:00,4,3,-1
688,2017-09-19 00:00:00,0,0,0
688,2017-09-19 06:00:00,6,2,-4
688,2017-09-19 12:00:00,7,7,0
688,2017-09-19 18:00:00,4,7,3
693,2017-08-01 00:00:00,0,0,0
693,2017-08-01 06:00:00,9,2,-7
693,2017-08-01 12:00:00,3,8,5
693,2017-08-01 18:00:00,7,9,2
693,2017-08-02 00:00:00,0,0,0
693,2017-08-02 06:00:00,8,4,-4
693,2017-08-02 12:00:00,1,1,0
693,2017-08-02 18:00:00,1,5,4
693,2017-08-03 00:00:00,0,0,0
693,2017-08-03 06:00:00,7,1,-6
693,2017-08-03 12:00:00,6,6,0
693,2017-08-03 18:00:00,7,11,4
693,2017-08-04 00:00:00,0,0,0
693,2017-08-04 06:00:00,8,4,-4
693,2017-08-04 12:00:00,10,5,-5
693,2017-08-04 18:00:00,3,9,6
693,2017-08-05 00:00:00,2,0,-2
693,2017-08-05 06:00:00,12,10,-2
693,2017-08-05 12:00:00,16,18,2
693,2017-08-05 18:00:00,11,19,8
693,2017-08-06 00:00:00,2,2,0
693,2017-08-06 06:00:00,6,2,-4
693,2017-08-06 12:00:00,26,21,-5
693,2017-08-06 18:00:00,9,9,0
693,2017-08-07 00:00:00,1,0,-1
693,2017-08-07 06:00:00,6,3,-3
693,2017-08-07 12:00:00,5,4,-1
693,2017-08-07 18:00:00,3,6,3
693,2017-08-08 00:00:00,0,0,0
693,2017-08-08 06:00:00,10,1,-9
693,2017-08-08 12:00:00,1,7,6
693,2017-08-08 18:00:00,5,13,8
693,2017-08-09 00:00:00,0,0,0
693,2017-08-09 06:00:00,1,0,-1
693,2017-08-09 12:00:00,0,1,1
693,2017-08-09 18:00:00,1,1,0
693,2017-08-10 00:00:00,0,0,0
693,2017-08-10 06:00:00,9,2,-7
693,2017-08-10 12:00:00,10,11,1
693,2017-08-10 18:00:00,4,7,3
693,2017-08-11 00:00:00,0,1,1
693,2017-08-11 06:00:00,13,1,-12
693,2017-08-11 12:00:00,8,9,1
693,2017-08-11 18:00:00,5,9,4
693,2017-08-12 00:00:00,2,0,-2
693,2017-08-12 06:00:00,9,7,-2
693,2017-08-12 12:00:00,20,23,3
693,2017-08-12 18:00:00,10,12,2
693,2017-08-13 00:00:00,1,2,1
693,2017-08-13 06:00:00,8,4,-4
693,2017-08-13 12:00:00,34,26,-8
693,2017-08-13 18:00:00,4,15,11
693,2017-08-14 00:00:00,0,0,0
693,2017-08-14 06:00:00,6,0,-6
693,2017-08-14 12:00:00,8,10,2
693,2017-08-14 18:00:00,4,10,6
693,2017-08-15 00:00:00,2,1,-1
693,2017-08-15 06:00:00,14,3,-11
693,2017-08-15 12:00:00,2,8,6
693,2017-08-15 18:00:00,13,17,4
693,2017-08-16 00:00:00,0,0,0
693,2017-08-16 06:00:00,14,6,-8
693,2017-08-16 12:00:00,4,4,0
693,2017-08-16 18:00:00,9,22,13
693,2017-08-17 00:00:00,0,0,0
693,2017-08-17 06:00:00,9,2,-7
693,2017-08-17 12:00:00,6,12,6
693,2017-08-17 18:00:00,10,8,-2
693,2017-08-18 00:00:00,0,2,2
693,2017-08-18 06:00:00,12,6,-6
693,2017-08-18 12:00:00,7,5,-2
693,2017-08-18 18:00:00,12,12,0
693,2017-08-19 00:00:00,0,1,1
693,2017-08-19 06:00:00,12,11,-1
693,2017-08-19 12:00:00,29,28,-1
693,2017-08-19 18:00:00,10,5,-5
693,2017-08-20 00:00:00,0,1,1
693,2017-08-20 06:00:00,4,4,0
693,2017-08-20 12:00:00,16,14,-2
693,2017-08-20 18:00:00,2,4,2
693,2017-08-21 00:00:00,0,0,0
693,2017-08-21 06:00:00,6,2,-4
693,2017-08-21 12:00:00,5,6,1
693,2017-08-21 18:00:00,5,9,4
693,2017-08-22 00:00:00,0,0,0
693,2017-08-22 06:00:00,10,7,-3
693,2017-08-22 12:00:00,3,2,-1
693,2017-08-22 18:00:00,8,13,5
693,2017-08-23 00:00:00,0,5,5
693,2017-08-23 06:00:00,6,2,-4
693,2017-08-23 12:00:00,12,12,0
693,2017-08-23 18:00:00,8,8,0
693,2017-08-24 00:00:00,1,0,-1
693,2017-08-24 06:00:00,9,1,-8
693,2017-08-24 12:00:00,5,10,5
693,2017-08-24 18:00:00,6,8,2
693,2017-08-25 00:00:00,0,0,0
693,2017-08-25 06:00:00,7,3,-4
693,2017-08-25 12:00:00,9,13,4
693,2017-08-25 18:00:00,7,13,6
693,2017-08-26 00:00:00,1,0,-1
693,2017-08-26 06:00:00,8,5,-3
693,2017-08-26 12:00:00,17,22,5
693,2017-08-26 18:00:00,16,8,-8
693,2017-08-27 00:00:00,3,6,3
693,2017-08-27 06:00:00,7,5,-2
693,2017-08-27 12:00:00,4,20,16
693,2017-08-27 18:00:00,20,19,-1
693,2017-08-28 00:00:00,6,2,-4
693,2017-08-28 06:00:00,4,10,6
693,2017-08-28 12:00:00,37,32,-5
693,2017-08-28 18:00:00,11,5,-6
693,2017-08-29 00:00:00,0,1,1
693,2017-08-29 06:00:00,5,6,1
693,2017-08-29 12:00:00,9,8,-1
693,2017-08-29 18:00:00,1,5,4
693,2017-08-30 00:00:00,1,0,-1
693,2017-08-30 06:00:00,4,2,-2
693,2017-08-30 12:00:00,0,2,2
693,2017-08-30 18:00:00,2,1,-1
693,2017-08-31 00:00:00,0,0,0
693,2017-08-31 06:00:00,4,1,-3
693,2017-08-31 12:00:00,9,9,0
693,2017-08-31 18:00:00,5,10,5
693,2017-09-01 00:00:00,0,0,0
693,2017-09-01 06:00:00,8,0,-8
693,2017-09-01 12:00:00,0,7,7
693,2017-09-01 18:00:00,7,6,-1
693,2017-09-02 00:00:00,0,4,4
693,2017-09-02 06:00:00,11,9,-2
693,2017-09-02 12:00:00,26,28,2
693,2017-09-02 18:00:00,4,11,7
693,2017-09-03 00:00:00,2,0,-2
693,2017-09-03 06:00:00,4,4,0
693,2017-09-03 12:00:00,14,18,4
693,2017-09-03 18:00:00,5,5,0
693,2017-09-04 00:00:00,0,1,1
693,2017-09-04 06:00:00,9,1,-8
693,2017-09-04 12:00:00,1,3,2
693,2017-09-04 18:00:00,2,6,4
693,2017-09-05 00:00:00,0,1,1
693,2017-09-05 06:00:00,9,2,-7
693,2017-09-05 12:00:00,4,6,2
693,2017-09-05 18:00:00,4,6,2
693,2017-09-06 00:00:00,0,0,0
693,2017-09-06 06:00:00,7,1,-6
693,2017-09-06 12:00:00,8,1,-7
693,2017-09-06 18:00:00,11,11,0
693,2017-09-07 00:00:00,0,0,0
693,2017-09-07 06:00:00,2,0,-2
693,2017-09-07 12:00:00,2,2,0
693,2017-09-07 18:00:00,2,6,4
693,2017-09-08 00:00:00,0,1,1
693,2017-09-08 06:00:00,6,1,-5
693,2017-09-08 12:00:00,0,1,1
693,2017-09-08 18:00:00,10,12,2
693,2017-09-09 00:00:00,2,2,0
693,2017-09-09 06:00:00,6,5,-1
693,2017-09-09 12:00:00,11,12,1
693,2017-09-09 18:00:00,3,13,10
693,2017-09-10 00:00:00,1,1,0
693,2017-09-10 06:00:00,3,6,3
693,2017-09-10 12:00:00,19,6,-13
693,2017-09-10 18:00:00,4,3,-1
693,2017-09-11 00:00:00,0,0,0
693,2017-09-11 06:00:00,1,2,1
693,2017-09-11 12:00:00,0,8,8
693,2017-09-11 18:00:00,3,3,0
693,2017-09-12 00:00:00,1,0,-1
693,2017-09-12 06:00:00,10,3,-7
693,2017-09-12 12:00:00,2,2,0
693,2017-09-12 18:00:00,3,4,1
693,2017-09-13 00:00:00,0,0,0
693,2017-09-13 06:00:00,8,3,-5
693,2017-09-13 12:00:00,1,0,-1
693,2017-09-13 18:00:00,0,12,12
693,2017-09-14 00:00:00,0,2,2
693,2017-09-14 06:00:00,6,0,-6
693,2017-09-14 12:00:00,1,5,4
693,2017-09-14 18:00:00,2,6,4
693,2017-09-15 00:00:00,0,0,0
693,2017-09-15 06:00:00,10,2,-8
693,2017-09-15 12:00:00,7,2,-5
693,2017-09-15 18:00:00,8,16,8
693,2017-09-16 00:00:00,2,0,-2
693,2017-09-16 06:00:00,2,2,0
693,2017-09-16 12:00:00,24,16,-8
693,2017-09-16 18:00:00,5,9,4
693,2017-09-17 00:00:00,0,1,1
693,2017-09-17 06:00:00,10,5,-5
693,2017-09-17 12:00:00,11,18,7
693,2017-09-17 18:00:00,1,8,7
693,2017-09-18 00:00:00,1,0,-1
693,2017-09-18 06:00:00,7,2,-5
693,2017-09-18 12:00:00,5,8,3
693,2017-09-18 18:00:00,5,6,1
693,2017-09-19 00:00:00,0,0,0
693,2017-09-19 06:00:00,10,2,-8
693,2017-09-19 12:00:00,3,4,1
693,2017-09-19 18:00:00,3,12,9
694,2017-08-01 00:00:00,2,2,0
694,2017-08-01 06:00:00,4,7,3
694,2017-08-01 12:00:00,5,8,3
694,2017-08-01 18:00:00,11,9,-2
694,2017-08-02 00:00:00,1,1,0
694,2017-08-02 06:00:00,6,5,-1
694,2017-08-02 12:00:00,0,1,1
694,2017-08-02 18:00:00,6,2,-4
694,2017-08-03 00:00:00,2,1,-1
694,2017-08-03 06:00:00,6,3,-3
694,2017-08-03 12:00:00,2,2,0
694,2017-08-03 18:00:00,1,5,4
694,2017-08-04 00:00:00,2,2,0
694,2017-08-04 06:00:00,4,5,1
694,2017-08-04 12:00:00,5,6,1
694,2017-08-04 18:00:00,5,7,2
694,2017-08-05 00:00:00,5,4,-1
694,2017-08-05 06:00:00,3,2,-1
694,2017-08-05 12:00:00,7,2,-5
694,2017-08-05 18:00:00,1,5,4
694,2017-08-06 00:00:00,0,2,2
694,2017-08-06 06:00:00,5,1,-4
694,2017-08-06 12:00:00,7,9,2
694,2017-08-06 18:00:00,7,5,-2
694,2017-08-07 00:00:00,1,1,0
694,2017-08-07 06:00:00,7,4,-3
694,2017-08-07 12:00:00,4,6,2
694,2017-08-07 18:00:00,2,6,4
694,2017-08-08 00:00:00,0,1,1
694,2017-08-08 06:00:00,4,2,-2
694,2017-08-08 12:00:00,3,5,2
694,2017-08-08 18:00:00,7,6,-1
694,2017-08-09 00:00:00,1,2,1
694,2017-08-09 06:00:00,1,3,2
694,2017-08-09 12:00:00,0,0,0
694,2017-08-09 18:00:00,1,0,-1
694,2017-08-10 00:00:00,0,1,1
694,2017-08-10 06:00:00,7,3,-4
694,2017-08-10 12:00:00,4,3,-1
694,2017-08-10 18:00:00,11,10,-1
694,2017-08-11 00:00:00,2,1,-1
694,2017-08-11 06:00:00,3,2,-1
694,2017-08-11 12:00:00,1,0,-1
694,2017-08-11 18:00:00,1,1,0
694,2017-08-12 00:00:00,0,1,1
694,2017-08-12 06:00:00,4,6,2
694,2017-08-12 12:00:00,8,6,-2
694,2017-08-12 18:00:00,4,0,-4
694,2017-08-13 00:00:00,2,4,2
694,2017-08-13 06:00:00,2,2,0
694,2017-08-13 12:00:00,8,5,-3
694,2017-08-13 18:00:00,11,8,-3
694,2017-08-14 00:00:00,1,4,3
694,2017-08-14 06:00:00,7,7,0
694,2017-08-14 12:00:00,6,4,-2
694,2017-08-14 18:00:00,6,2,-4
694,2017-08-15 00:00:00,0,3,3
694,2017-08-15 06:00:00,5,1,-4
694,2017-08-15 12:00:00,4,3,-1
694,2017-08-15 18:00:00,11,17,6
694,2017-08-16 00:00:00,2,1,-1
694,2017-08-16 06:00:00,9,5,-4
694,2017-08-16 12:00:00,3,1,-2
694,2017-08-16 18:00:00,8,14,6
694,2017-08-17 00:00:00,1,0,-1
694,2017-08-17 06:00:00,4,5,1
694,2017-08-17 12:00:00,5,6,1
694,2017-08-17 18:00:00,5,10,5
694,2017-08-18 00:00:00,1,2,1
694,2017-08-18 06:00:00,10,7,-3
694,2017-08-18 12:00:00,2,2,0
694,2017-08-18 18:00:00,6,1,-5
694,2017-08-19 00:00:00,4,2,-2
694,2017-08-19 06:00:00,7,2,-5
694,2017-08-19 12:00:00,12,8,-4
694,2017-08-19 18:00:00,4,4,0
694,2017-08-20 00:00:00,1,1,0
694,2017-08-20 06:00:00,14,6,-8
694,2017-08-20 12:00:00,4,3,-1
694,2017-08-20 18:00:00,2,0,-2
694,2017-08-21 00:00:00,0,0,0
694,2017-08-21 06:00:00,4,3,-1
694,2017-08-21 12:00:00,3,3,0
694,2017-08-21 18:00:00,5,9,4
694,2017-08-22 00:00:00,0,1,1
694,2017-08-22 06:00:00,8,4,-4
694,2017-08-22 12:00:00,4,4,0
694,2017-08-22 18:00:00,3,2,-1
694,2017-08-23 00:00:00,4,0,-4
694,2017-08-23 06:00:00,5,4,-1
694,2017-08-23 12:00:00,3,1,-2
694,2017-08-23 18:00:00,2,7,5
694,2017-08-24 00:00:00,4,1,-3
694,2017-08-24 06:00:00,11,7,-4
694,2017-08-24 12:00:00,5,3,-2
694,2017-08-24 18:00:00,6,11,5
694,2017-08-25 00:00:00,0,1,1
694,2017-08-25 06:00:00,14,5,-9
694,2017-08-25 12:00:00,3,7,4
694,2017-08-25 18:00:00,7,6,-1
694,2017-08-26 00:00:00,2,2,0
694,2017-08-26 06:00:00,0,4,4
694,2017-08-26 12:00:00,12,5,-7
694,2017-08-26 18:00:00,3,5,2
694,2017-08-27 00:00:00,3,2,-1
694,2017-08-27 06:00:00,5,1,-4
694,2017-08-27 12:00:00,6,16,10
694,2017-08-27 18:00:00,5,5,0
694,2017-08-28 00:00:00,4,1,-3
694,2017-08-28 06:00:00,2,3,1
694,2017-08-28 12:00:00,20,9,-11
694,2017-08-28 18:00:00,9,3,-6
694,2017-08-29 00:00:00,1,1,0
694,2017-08-29 06:00:00,11,4,-7
694,2017-08-29 12:00:00,2,3,1
694,2017-08-29 18:00:00,8,8,0
694,2017-08-30 00:00:00,0,0,0
694,2017-08-30 06:00:00,4,4,0
694,2017-08-30 12:00:00,1,0,-1
694,2017-08-30 18:00:00,1,2,1
694,2017-08-31 00:00:00,1,0,-1
694,2017-08-31 06:00:00,8,4,-4
694,2017-08-31 12:00:00,3,3,0
694,2017-08-31 18:00:00,5,7,2
694,2017-09-01 00:00:00,0,0,0
694,2017-09-01 06:00:00,15,9,-6
694,2017-09-01 12:00:00,2,4,2
694,2017-09-01 18:00:00,5,10,5
694,2017-09-02 00:00:00,1,1,0
694,2017-09-02 06:00:00,2,3,1
694,2017-09-02 12:00:00,7,10,3
694,2017-09-02 18:00:00,5,3,-2
694,2017-09-03 00:00:00,2,3,1
694,2017-09-03 06:00:00,5,5,0
694,2017-09-03 12:00:00,7,6,-1
694,2017-09-03 18:00:00,4,3,-1
694,2017-09-04 00:00:00,1,0,-1
694,2017-09-04 06:00:00,8,5,-3
694,2017-09-04 12:00:00,1,2,1
694,2017-09-04 18:00:00,6,4,-2
694,2017-09-05 00:00:00,0,0,0
694,2017-09-05 06:00:00,10,10,0
694,2017-09-05 12:00:00,2,5,3
694,2017-09-05 18:00:00,6,2,-4
694,2017-09-06 00:00:00,0,2,2
694,2017-09-06 06:00:00,5,5,0
694,2017-09-06 12:00:00,4,3,-1
694,2017-09-06 18:00:00,8,10,2
694,2017-09-07 00:00:00,1,1,0
694,2017-09-07 06:00:00,9,10,1
694,2017-09-07 12:00:00,4,4,0
694,2017-09-07 18:00:00,4,2,-2
694,2017-09-08 00:00:00,3,1,-2
694,2017-09-08 06:00:00,2,4,2
694,2017-09-08 12:00:00,1,0,-1
694,2017-09-08 18:00:00,5,6,1
694,2017-09-09 00:00:00,3,3,0
694,2017-09-09 06:00:00,4,0,-4
694,2017-09-09 12:00:00,2,6,4
694,2017-09-09 18:00:00,4,1,-3
694,2017-09-10 00:00:00,3,1,-2
694,2017-09-10 06:00:00,0,1,1
694,2017-09-10 12:00:00,2,3,1
694,2017-09-10 18:00:00,2,0,-2
694,2017-09-11 00:00:00,0,0,0
694,2017-09-11 06:00:00,7,4,-3
694,2017-09-11 12:00:00,6,3,-3
694,2017-09-11 18:00:00,5,6,1
694,2017-09-12 00:00:00,1,2,1
694,2017-09-12 06:00:00,11,7,-4
694,2017-09-12 12:00:00,7,4,-3
694,2017-09-12 18:00:00,4,5,1
694,2017-09-13 00:00:00,0,0,0
694,2017-09-13 06:00:00,4,5,1
694,2017-09-13 12:00:00,4,0,-4
694,2017-09-13 18:00:00,8,3,-5
694,2017-09-14 00:00:00,0,0,0
694,2017-09-14 06:00:00,8,8,0
694,2017-09-14 12:00:00,1,2,1
694,2017-09-14 18:00:00,3,4,1
694,2017-09-15 00:00:00,1,1,0
694,2017-09-15 06:00:00,8,6,-2
694,2017-09-15 12:00:00,4,3,-1
694,2017-09-15 18:00:00,4,3,-1
694,2017-09-16 00:00:00,4,2,-2
694,2017-09-16 06:00:00,6,6,0
694,2017-09-16 12:00:00,8,7,-1
694,2017-09-16 18:00:00,2,1,-1
694,2017-09-17 00:00:00,3,2,-1
694,2017-09-17 06:00:00,1,1,0
694,2017-09-17 12:00:00,6,9,3
694,2017-09-17 18:00:00,3,2,-1
694,2017-09-18 00:00:00,1,4,3
694,2017-09-18 06:00:00,6,4,-2
694,2017-09-18 12:00:00,7,2,-5
694,2017-09-18 18:00:00,1,3,2
694,2017-09-19 00:00:00,0,0,0
694,2017-09-19 06:00:00,5,5,0
694,2017-09-19 12:00:00,3,1,-2
694,2017-09-19 18:00:00,5,3,-2
704,2017-08-01 00:00:00,0,0,0
704,2017-08-01 06:00:00,10,2,-8
704,2017-08-01 12:00:00,4,1,-3
704,2017-08-01 18:00:00,1,6,5
704,2017-08-02 00:00:00,0,0,0
704,2017-08-02 06:00:00,7,2,-5
704,2017-08-02 12:00:00,2,3,1
704,2017-08-02 18:00:00,2,3,1
704,2017-08-03 00:00:00,0,1,1
704,2017-08-03 06:00:00,5,1,-4
704,2017-08-03 12:00:00,4,4,0
704,2017-08-03 18:00:00,0,7,7
704,2017-08-04 00:00:00,0,0,0
704,2017-08-04 06:00:00,7,3,-4
704,2017-08-04 12:00:00,4,1,-3
704,2017-08-04 18:00:00,0,3,3
704,2017-08-05 00:00:00,0,5,5
704,2017-08-05 06:00:00,5,1,-4
704,2017-08-05 12:00:00,2,2,0
704,2017-08-05 18:00:00,4,2,-2
704,2017-08-06 00:00:00,0,0,0
704,2017-08-06 06:00:00,3,1,-2
704,2017-08-06 12:00:00,2,0,-2
704,2017-08-06 18:00:00,1,0,-1
704,2017-08-07 00:00:00,0,0,0
704,2017-08-07 06:00:00,1,1,0
704,2017-08-07 12:00:00,2,2,0
704,2017-08-07 18:00:00,2,5,3
704,2017-08-08 00:00:00,0,0,0
704,2017-08-08 06:00:00,5,2,-3
704,2017-08-08 12:00:00,0,1,1
704,2017-08-08 18:00:00,1,4,3
704,2017-08-09 00:00:00,0,0,0
704,2017-08-09 06:00:00,4,1,-3
704,2017-08-09 12:00:00,0,0,0
704,2017-08-09 18:00:00,0,1,1
704,2017-08-10 00:00:00,0,0,0
704,2017-08-10 06:00:00,4,1,-3
704,2017-08-10 12:00:00,1,2,1
704,2017-08-10 18:00:00,1,5,4
704,2017-08-11 00:00:00,0,0,0
704,2017-08-11 06:00:00,5,1,-4
704,2017-08-11 12:00:00,2,2,0
704,2017-08-11 18:00:00,2,3,1
704,2017-08-12 00:00:00,1,0,-1
704,2017-08-12 06:00:00,2,1,-1
704,2017-08-12 12:00:00,3,3,0
704,2017-08-12 18:00:00,1,7,6
704,2017-08-13 00:00:00,1,3,2
704,2017-08-13 06:00:00,1,2,1
704,2017-08-13 12:00:00,5,3,-2
704,2017-08-13 18:00:00,2,3,1
704,2017-08-14 00:00:00,0,0,0
704,2017-08-14 06:00:00,5,1,-4
704,2017-08-14 12:00:00,2,2,0
704,2017-08-14 18:00:00,2,6,4
704,2017-08-15 00:00:00,0,1,1
704,2017-08-15 06:00:00,4,0,-4
704,2017-08-15 12:00:00,0,0,0
704,2017-08-15 18:00:00,1,4,3
704,2017-08-16 00:00:00,0,0,0
704,2017-08-16 06:00:00,6,1,-5
704,2017-08-16 12:00:00,2,2,0
704,2017-08-16 18:00:00,0,1,1
704,2017-08-17 00:00:00,0,0,0
704,2017-08-17 06:00:00,2,1,-1
704,2017-08-17 12:00:00,1,1,0
704,2017-08-17 18:00:00,0,3,3
704,2017-08-18 00:00:00,1,1,0
704,2017-08-18 06:00:00,4,2,-2
704,2017-08-18 12:00:00,2,2,0
704,2017-08-18 18:00:00,0,5,5
704,2017-08-19 00:00:00,0,0,0
704,2017-08-19 06:00:00,3,1,-2
704,2017-08-19 12:00:00,6,4,-2
704,2017-08-19 18:00:00,1,1,0
704,2017-08-20 00:00:00,0,0,0
704,2017-08-20 06:00:00,1,0,-1
704,2017-08-20 12:00:00,2,5,3
704,2017-08-20 18:00:00,1,2,1
704,2017-08-21 00:00:00,0,0,0
704,2017-08-21 06:00:00,4,1,-3
704,2017-08-21 12:00:00,2,2,0
704,2017-08-21 18:00:00,0,4,4
704,2017-08-22 00:00:00,0,0,0
704,2017-08-22 06:00:00,5,0,-5
704,2017-08-22 12:00:00,0,1,1
704,2017-08-22 18:00:00,2,5,3
704,2017-08-23 00:00:00,0,0,0
704,2017-08-23 06:00:00,5,2,-3
704,2017-08-23 12:00:00,2,1,-1
704,2017-08-23 18:00:00,1,7,6
704,2017-08-24 00:00:00,0,0,0
704,2017-08-24 06:00:00,7,1,-6
704,2017-08-24 12:00:00,0,0,0
704,2017-08-24 18:00:00,1,6,5
704,2017-08-25 00:00:00,0,0,0
704,2017-08-25 06:00:00,5,1,-4
704,2017-08-25 12:00:00,2,1,-1
704,2017-08-25 18:00:00,1,1,0
704,2017-08-26 00:00:00,0,0,0
704,2017-08-26 06:00:00,0,2,2
704,2017-08-26 12:00:00,2,2,0
704,2017-08-26 18:00:00,3,3,0
704,2017-08-27 00:00:00,0,3,3
704,2017-08-27 06:00:00,1,1,0
704,2017-08-27 12:00:00,6,3,-3
704,2017-08-27 18:00:00,2,6,4
704,2017-08-28 00:00:00,0,2,2
704,2017-08-28 06:00:00,1,0,-1
704,2017-08-28 12:00:00,4,1,-3
704,2017-08-28 18:00:00,1,7,6
704,2017-08-29 00:00:00,0,0,0
704,2017-08-29 06:00:00,10,1,-9
704,2017-08-29 12:00:00,4,1,-3
704,2017-08-29 18:00:00,3,11,8
704,2017-08-30 00:00:00,0,0,0
704,2017-08-30 06:00:00,12,2,-10
704,2017-08-30 12:00:00,2,2,0
704,2017-08-30 18:00:00,1,2,1
704,2017-08-31 00:00:00,0,2,2
704,2017-08-31 06:00:00,8,1,-7
704,2017-08-31 12:00:00,1,3,2
704,2017-08-31 18:00:00,1,8,7
704,2017-09-01 00:00:00,0,1,1
704,2017-09-01 06:00:00,8,4,-4
704,2017-09-01 12:00:00,3,0,-3
704,2017-09-01 18:00:00,1,4,3
704,2017-09-02 00:00:00,0,1,1
704,2017-09-02 06:00:00,5,0,-5
704,2017-09-02 12:00:00,5,2,-3
704,2017-09-02 18:00:00,2,2,0
704,2017-09-03 00:00:00,0,4,4
704,2017-09-03 06:00:00,5,0,-5
704,2017-09-03 12:00:00,5,6,1
704,2017-09-03 18:00:00,1,0,-1
704,2017-09-04 00:00:00,1,0,-1
704,2017-09-04 06:00:00,6,1,-5
704,2017-09-04 12:00:00,2,2,0
704,2017-09-04 18:00:00,0,7,7
704,2017-09-05 00:00:00,1,0,-1
704,2017-09-05 06:00:00,9,1,-8
704,2017-09-05 12:00:00,1,1,0
704,2017-09-05 18:00:00,3,10,7
704,2017-09-06 00:00:00,1,0,-1
704,2017-09-06 06:00:00,6,1,-5
704,2017-09-06 12:00:00,0,0,0
704,2017-09-06 18:00:00,0,3,3
704,2017-09-07 00:00:00,0,1,1
704,2017-09-07 06:00:00,5,1,-4
704,2017-09-07 12:00:00,0,0,0
704,2017-09-07 18:00:00,1,5,4
704,2017-09-08 00:00:00,0,0,0
704,2017-09-08 06:00:00,5,0,-5
704,2017-09-08 12:00:00,3,1,-2
704,2017-09-08 18:00:00,1,5,4
704,2017-09-09 00:00:00,0,0,0
704,2017-09-09 06:00:00,4,2,-2
704,2017-09-09 12:00:00,5,3,-2
704,2017-09-09 18:00:00,0,2,2
704,2017-09-10 00:00:00,0,1,1
704,2017-09-10 06:00:00,3,0,-3
704,2017-09-10 12:00:00,0,5,5
704,2017-09-10 18:00:00,0,1,1
704,2017-09-11 00:00:00,0,1,1
704,2017-09-11 06:00:00,6,1,-5
704,2017-09-11 12:00:00,1,1,0
704,2017-09-11 18:00:00,2,6,4
704,2017-09-12 00:00:00,0,0,0
704,2017-09-12 06:00:00,7,1,-6
704,2017-09-12 12:00:00,1,1,0
704,2017-09-12 18:00:00,0,5,5
704,2017-09-13 00:00:00,0,0,0
704,2017-09-13 06:00:00,6,1,-5
704,2017-09-13 12:00:00,1,3,2
704,2017-09-13 18:00:00,2,4,2
704,2017-09-14 00:00:00,0,0,0
704,2017-09-14 06:00:00,5,1,-4
704,2017-09-14 12:00:00,1,3,2
704,2017-09-14 18:00:00,3,8,5
704,2017-09-15 00:00:00,0,1,1
704,2017-09-15 06:00:00,10,2,-8
704,2017-09-15 12:00:00,3,3,0
704,2017-09-15 18:00:00,3,8,5
704,2017-09-16 00:00:00,1,0,-1
704,2017-09-16 06:00:00,4,1,-3
704,2017-09-16 12:00:00,4,2,-2
704,2017-09-16 18:00:00,0,8,8
704,2017-09-17 00:00:00,4,3,-1
704,2017-09-17 06:00:00,1,0,-1
704,2017-09-17 12:00:00,8,1,-7
704,2017-09-17 18:00:00,0,1,1
704,2017-09-18 00:00:00,2,0,-2
704,2017-09-18 06:00:00,4,1,-3
704,2017-09-18 12:00:00,0,1,1
704,2017-09-18 18:00:00,3,8,5
704,2017-09-19 00:00:00,0,0,0
704,2017-09-19 06:00:00,7,1,-6
704,2017-09-19 12:00:00,1,1,0
704,2017-09-19 18:00:00,0,10,10
708,2017-08-01 00:00:00,0,0,0
708,2017-08-01 06:00:00,11,11,0
708,2017-08-01 12:00:00,4,1,-3
708,2017-08-01 18:00:00,10,19,9
708,2017-08-02 00:00:00,0,1,1
708,2017-08-02 06:00:00,9,11,2
708,2017-08-02 12:00:00,5,2,-3
708,2017-08-02 18:00:00,3,11,8
708,2017-08-03 00:00:00,1,2,1
708,2017-08-03 06:00:00,8,10,2
708,2017-08-03 12:00:00,7,5,-2
708,2017-08-03 18:00:00,6,7,1
708,2017-08-04 00:00:00,0,2,2
708,2017-08-04 06:00:00,8,8,0
708,2017-08-04 12:00:00,3,6,3
708,2017-08-04 18:00:00,4,5,1
708,2017-08-05 00:00:00,0,1,1
708,2017-08-05 06:00:00,2,2,0
708,2017-08-05 12:00:00,14,8,-6
708,2017-08-05 18:00:00,5,3,-2
708,2017-08-06 00:00:00,6,0,-6
708,2017-08-06 06:00:00,6,4,-2
708,2017-08-06 12:00:00,24,10,-14
708,2017-08-06 18:00:00,3,7,4
708,2017-08-07 00:00:00,0,0,0
708,2017-08-07 06:00:00,13,10,-3
708,2017-08-07 12:00:00,4,1,-3
708,2017-08-07 18:00:00,1,9,8
708,2017-08-08 00:00:00,0,0,0
708,2017-08-08 06:00:00,4,7,3
708,2017-08-08 12:00:00,6,4,-2
708,2017-08-08 18:00:00,6,13,7
708,2017-08-09 00:00:00,1,0,-1
708,2017-08-09 06:00:00,4,6,2
708,2017-08-09 12:00:00,3,3,0
708,2017-08-09 18:00:00,1,2,1
708,2017-08-10 00:00:00,0,0,0
708,2017-08-10 06:00:00,7,4,-3
708,2017-08-10 12:00:00,3,5,2
708,2017-08-10 18:00:00,9,10,1
708,2017-08-11 00:00:00,0,2,2
708,2017-08-11 06:00:00,13,12,-1
708,2017-08-11 12:00:00,10,7,-3
708,2017-08-11 18:00:00,6,6,0
708,2017-08-12 00:00:00,0,0,0
708,2017-08-12 06:00:00,2,5,3
708,2017-08-12 12:00:00,11,3,-8
708,2017-08-12 18:00:00,3,3,0
708,2017-08-13 00:00:00,4,0,-4
708,2017-08-13 06:00:00,1,0,-1
708,2017-08-13 12:00:00,6,7,1
708,2017-08-13 18:00:00,4,7,3
708,2017-08-14 00:00:00,0,0,0
708,2017-08-14 06:00:00,5,7,2
708,2017-08-14 12:00:00,1,4,3
708,2017-08-14 18:00:00,2,11,9
708,2017-08-15 00:00:00,0,2,2
708,2017-08-15 06:00:00,10,11,1
708,2017-08-15 12:00:00,3,4,1
708,2017-08-15 18:00:00,9,11,2
708,2017-08-16 00:00:00,0,3,3
708,2017-08-16 06:00:00,9,13,4
708,2017-08-16 12:00:00,13,4,-9
708,2017-08-16 18:00:00,8,19,11
708,2017-08-17 00:00:00,0,0,0
708,2017-08-17 06:00:00,5,7,2
708,2017-08-17 12:00:00,1,3,2
708,2017-08-17 18:00:00,3,2,-1
708,2017-08-18 00:00:00,0,1,1
708,2017-08-18 06:00:00,10,5,-5
708,2017-08-18 12:00:00,6,4,-2
708,2017-08-18 18:00:00,9,7,-2
708,2017-08-19 00:00:00,3,0,-3
708,2017-08-19 06:00:00,4,5,1
708,2017-08-19 12:00:00,11,4,-7
708,2017-08-19 18:00:00,14,8,-6
708,2017-08-20 00:00:00,0,1,1
708,2017-08-20 06:00:00,3,4,1
708,2017-08-20 12:00:00,16,17,1
708,2017-08-20 18:00:00,1,2,1
708,2017-08-21 00:00:00,0,1,1
708,2017-08-21 06:00:00,10,8,-2
708,2017-08-21 12:00:00,7,3,-4
708,2017-08-21 18:00:00,7,8,1
708,2017-08-22 00:00:00,0,1,1
708,2017-08-22 06:00:00,9,11,2
708,2017-08-22 12:00:00,4,7,3
708,2017-08-22 18:00:00,9,10,1
708,2017-08-23 00:00:00,0,1,1
708,2017-08-23 06:00:00,5,8,3
708,2017-08-23 12:00:00,5,3,-2
708,2017-08-23 18:00:00,8,5,-3
708,2017-08-24 00:00:00,0,2,2
708,2017-08-24 06:00:00,6,8,2
708,2017-08-24 12:00:00,9,15,6
708,2017-08-24 18:00:00,7,15,8
708,2017-08-25 00:00:00,1,0,-1
708,2017-08-25 06:00:00,8,5,-3
708,2017-08-25 12:00:00,12,9,-3
708,2017-08-25 18:00:00,10,12,2
708,2017-08-26 00:00:00,0,3,3
708,2017-08-26 06:00:00,6,5,-1
708,2017-08-26 12:00:00,8,9,1
708,2017-08-26 18:00:00,2,12,10
708,2017-08-27 00:00:00,2,1,-1
708,2017-08-27 06:00:00,5,4,-1
708,2017-08-27 12:00:00,11,5,-6
708,2017-08-27 18:00:00,9,14,5
708,2017-08-28 00:00:00,0,0,0
708,2017-08-28 06:00:00,4,1,-3
708,2017-08-28 12:00:00,13,12,-1
708,2017-08-28 18:00:00,5,7,2
708,2017-08-29 00:00:00,1,0,-1
708,2017-08-29 06:00:00,9,11,2
708,2017-08-29 12:00:00,4,9,5
708,2017-08-29 18:00:00,11,5,-6
708,2017-08-30 00:00:00,0,0,0
708,2017-08-30 06:00:00,10,8,-2
708,2017-08-30 12:00:00,1,7,6
708,2017-08-30 18:00:00,4,7,3
708,2017-08-31 00:00:00,0,2,2
708,2017-08-31 06:00:00,9,8,-1
708,2017-08-31 12:00:00,5,8,3
708,2017-08-31 18:00:00,5,12,7
708,2017-09-01 00:00:00,0,0,0
708,2017-09-01 06:00:00,9,11,2
708,2017-09-01 12:00:00,4,3,-1
708,2017-09-01 18:00:00,6,7,1
708,2017-09-02 00:00:00,0,0,0
708,2017-09-02 06:00:00,3,4,1
708,2017-09-02 12:00:00,18,14,-4
708,2017-09-02 18:00:00,6,7,1
708,2017-09-03 00:00:00,0,0,0
708,2017-09-03 06:00:00,3,2,-1
708,2017-09-03 12:00:00,7,8,1
708,2017-09-03 18:00:00,2,4,2
708,2017-09-04 00:00:00,0,0,0
708,2017-09-04 06:00:00,3,8,5
708,2017-09-04 12:00:00,6,1,-5
708,2017-09-04 18:00:00,10,19,9
708,2017-09-05 00:00:00,0,0,0
708,2017-09-05 06:00:00,4,10,6
708,2017-09-05 12:00:00,4,4,0
708,2017-09-05 18:00:00,11,8,-3
708,2017-09-06 00:00:00,2,0,-2
708,2017-09-06 06:00:00,9,13,4
708,2017-09-06 12:00:00,5,4,-1
708,2017-09-06 18:00:00,3,4,1
708,2017-09-07 00:00:00,3,3,0
708,2017-09-07 06:00:00,8,5,-3
708,2017-09-07 12:00:00,4,3,-1
708,2017-09-07 18:00:00,14,11,-3
708,2017-09-08 00:00:00,1,1,0
708,2017-09-08 06:00:00,7,11,4
708,2017-09-08 12:00:00,3,5,2
708,2017-09-08 18:00:00,7,6,-1
708,2017-09-09 00:00:00,1,3,2
708,2017-09-09 06:00:00,1,2,1
708,2017-09-09 12:00:00,8,5,-3
708,2017-09-09 18:00:00,6,2,-4
708,2017-09-10 00:00:00,4,2,-2
708,2017-09-10 06:00:00,7,5,-2
708,2017-09-10 12:00:00,9,4,-5
708,2017-09-10 18:00:00,1,1,0
708,2017-09-11 00:00:00,0,2,2
708,2017-09-11 06:00:00,7,8,1
708,2017-09-11 12:00:00,2,4,2
708,2017-09-11 18:00:00,5,6,1
708,2017-09-12 00:00:00,1,1,0
708,2017-09-12 06:00:00,8,9,1
708,2017-09-12 12:00:00,5,6,1
708,2017-09-12 18:00:00,12,8,-4
708,2017-09-13 00:00:00,0,0,0
708,2017-09-13 06:00:00,9,9,0
708,2017-09-13 12:00:00,2,3,1
708,2017-09-13 18:00:00,12,10,-2
708,2017-09-14 00:00:00,1,0,-1
708,2017-09-14 06:00:00,14,14,0
708,2017-09-14 12:00:00,6,5,-1
708,2017-09-14 18:00:00,10,8,-2
708,2017-09-15 00:00:00,0,0,0
708,2017-09-15 06:00:00,23,13,-10
708,2017-09-15 12:00:00,4,12,8
708,2017-09-15 18:00:00,11,6,-5
708,2017-09-16 00:00:00,0,1,1
708,2017-09-16 06:00:00,4,5,1
708,2017-09-16 12:00:00,3,4,1
708,2017-09-16 18:00:00,6,3,-3
708,2017-09-17 00:00:00,3,2,-1
708,2017-09-17 06:00:00,4,3,-1
708,2017-09-17 12:00:00,3,4,1
708,2017-09-17 18:00:00,2,2,0
708,2017-09-18 00:00:00,0,2,2
708,2017-09-18 06:00:00,9,8,-1
708,2017-09-18 12:00:00,1,7,6
708,2017-09-18 18:00:00,9,7,-2
708,2017-09-19 00:00:00,1,1,0
708,2017-09-19 06:00:00,12,11,-1
708,2017-09-19 12:00:00,3,6,3
708,2017-09-19 18:00:00,6,10,4
709,2017-08-01 00:00:00,0,1,1
709,2017-08-01 06:00:00,6,4,-2
709,2017-08-01 12:00:00,2,5,3
709,2017-08-01 18:00:00,6,6,0
709,2017-08-02 00:00:00,0,0,0
709,2017-08-02 06:00:00,6,3,-3
709,2017-08-02 12:00:00,3,6,3
709,2017-08-02 18:00:00,1,3,2
709,2017-08-03 00:00:00,1,0,-1
709,2017-08-03 06:00:00,4,2,-2
709,2017-08-03 12:00:00,3,3,0
709,2017-08-03 18:00:00,2,6,4
709,2017-08-04 00:00:00,5,1,-4
709,2017-08-04 06:00:00,7,2,-5
709,2017-08-04 12:00:00,9,5,-4
709,2017-08-04 18:00:00,2,6,4
709,2017-08-05 00:00:00,0,0,0
709,2017-08-05 06:00:00,7,6,-1
709,2017-08-05 12:00:00,12,8,-4
709,2017-08-05 18:00:00,4,10,6
709,2017-08-06 00:00:00,1,0,-1
709,2017-08-06 06:00:00,4,1,-3
709,2017-08-06 12:00:00,8,15,7
709,2017-08-06 18:00:00,4,7,3
709,2017-08-07 00:00:00,1,0,-1
709,2017-08-07 06:00:00,3,3,0
709,2017-08-07 12:00:00,4,11,7
709,2017-08-07 18:00:00,2,5,3
709,2017-08-08 00:00:00,0,0,0
709,2017-08-08 06:00:00,5,3,-2
709,2017-08-08 12:00:00,3,4,1
709,2017-08-08 18:00:00,4,3,-1
709,2017-08-09 00:00:00,0,0,0
709,2017-08-09 06:00:00,2,2,0
709,2017-08-09 12:00:00,2,3,1
709,2017-08-09 18:00:00,1,1,0
709,2017-08-10 00:00:00,0,0,0
709,2017-08-10 06:00:00,3,1,-2
709,2017-08-10 12:00:00,4,4,0
709,2017-08-10 18:00:00,4,9,5
709,2017-08-11 00:00:00,0,1,1
709,2017-08-11 06:00:00,5,10,5
709,2017-08-11 12:00:00,15,11,-4
709,2017-08-11 18:00:00,5,6,1
709,2017-08-12 00:00:00,0,0,0
709,2017-08-12 06:00:00,5,5,0
709,2017-08-12 12:00:00,10,6,-4
709,2017-08-12 18:00:00,6,6,0
709,2017-08-13 00:00:00,1,0,-1
709,2017-08-13 06:00:00,4,5,1
709,2017-08-13 12:00:00,17,18,1
709,2017-08-13 18:00:00,5,4,-1
709,2017-08-14 00:00:00,0,0,0
709,2017-08-14 06:00:00,2,4,2
709,2017-08-14 12:00:00,2,4,2
709,2017-08-14 18:00:00,4,9,5
709,2017-08-15 00:00:00,1,2,1
709,2017-08-15 06:00:00,8,2,-6
709,2017-08-15 12:00:00,3,4,1
709,2017-08-15 18:00:00,1,2,1
709,2017-08-16 00:00:00,0,0,0
709,2017-08-16 06:00:00,4,5,1
709,2017-08-16 12:00:00,1,1,0
709,2017-08-16 18:00:00,2,6,4
709,2017-08-17 00:00:00,1,0,-1
709,2017-08-17 06:00:00,2,2,0
709,2017-08-17 12:00:00,1,2,1
709,2017-08-17 18:00:00,0,0,0
709,2017-08-18 00:00:00,0,0,0
709,2017-08-18 06:00:00,2,2,0
709,2017-08-18 12:00:00,2,0,-2
709,2017-08-18 18:00:00,1,7,6
709,2017-08-19 00:00:00,0,0,0
709,2017-08-19 06:00:00,0,2,2
709,2017-08-19 12:00:00,1,8,7
709,2017-08-19 18:00:00,1,3,2
709,2017-08-20 00:00:00,0,0,0
709,2017-08-20 06:00:00,0,0,0
709,2017-08-20 12:00:00,1,2,1
709,2017-08-20 18:00:00,0,2,2
709,2017-08-21 00:00:00,0,0,0
709,2017-08-21 06:00:00,1,4,3
709,2017-08-21 12:00:00,5,6,1
709,2017-08-21 18:00:00,1,1,0
709,2017-08-22 00:00:00,0,0,0
709,2017-08-22 06:00:00,2,4,2
709,2017-08-22 12:00:00,2,10,8
709,2017-08-22 18:00:00,1,3,2
709,2017-08-23 00:00:00,0,0,0
709,2017-08-23 06:00:00,2,2,0
709,2017-08-23 12:00:00,3,8,5
709,2017-08-23 18:00:00,2,2,0
709,2017-08-24 00:00:00,0,0,0
709,2017-08-24 06:00:00,2,1,-1
709,2017-08-24 12:00:00,1,3,2
709,2017-08-24 18:00:00,0,0,0
709,2017-08-25 00:00:00,0,1,1
709,2017-08-25 06:00:00,1,4,3
709,2017-08-25 12:00:00,0,5,5
709,2017-08-25 18:00:00,1,1,0
709,2017-08-26 00:00:00,0,0,0
709,2017-08-26 06:00:00,1,0,-1
709,2017-08-26 12:00:00,2,1,-1
709,2017-08-26 18:00:00,0,2,2
709,2017-08-27 00:00:00,0,0,0
709,2017-08-27 06:00:00,0,0,0
709,2017-08-27 12:00:00,3,2,-1
709,2017-08-27 18:00:00,0,1,1
709,2017-08-28 00:00:00,0,0,0
709,2017-08-28 06:00:00,6,3,-3
709,2017-08-28 12:00:00,6,14,8
709,2017-08-28 18:00:00,5,17,12
709,2017-08-29 00:00:00,1,1,0
709,2017-08-29 06:00:00,4,1,-3
709,2017-08-29 12:00:00,7,5,-2
709,2017-08-29 18:00:00,3,8,5
709,2017-08-30 00:00:00,0,0,0
709,2017-08-30 06:00:00,6,3,-3
709,2017-08-30 12:00:00,2,1,-1
709,2017-08-30 18:00:00,4,8,4
709,2017-08-31 00:00:00,0,0,0
709,2017-08-31 06:00:00,8,2,-6
709,2017-08-31 12:00:00,6,4,-2
709,2017-08-31 18:00:00,6,8,2
709,2017-09-01 00:00:00,2,0,-2
709,2017-09-01 06:00:00,11,4,-7
709,2017-09-01 12:00:00,6,9,3
709,2017-09-01 18:00:00,4,9,5
709,2017-09-02 00:00:00,5,0,-5
709,2017-09-02 06:00:00,3,9,6
709,2017-09-02 12:00:00,17,16,-1
709,2017-09-02 18:00:00,7,12,5
709,2017-09-03 00:00:00,6,0,-6
709,2017-09-03 06:00:00,3,7,4
709,2017-09-03 12:00:00,2,8,6
709,2017-09-03 18:00:00,2,2,0
709,2017-09-04 00:00:00,0,0,0
709,2017-09-04 06:00:00,3,3,0
709,2017-09-04 12:00:00,2,4,2
709,2017-09-04 18:00:00,6,7,1
709,2017-09-05 00:00:00,0,1,1
709,2017-09-05 06:00:00,4,3,-1
709,2017-09-05 12:00:00,2,3,1
709,2017-09-05 18:00:00,2,3,1
709,2017-09-06 00:00:00,1,1,0
709,2017-09-06 06:00:00,4,4,0
709,2017-09-06 12:00:00,4,5,1
709,2017-09-06 18:00:00,2,2,0
709,2017-09-07 00:00:00,0,0,0
709,2017-09-07 06:00:00,5,2,-3
709,2017-09-07 12:00:00,3,6,3
709,2017-09-07 18:00:00,2,2,0
709,2017-09-08 00:00:00,0,0,0
709,2017-09-08 06:00:00,2,3,1
709,2017-09-08 12:00:00,5,5,0
709,2017-09-08 18:00:00,1,10,9
709,2017-09-09 00:00:00,2,0,-2
709,2017-09-09 06:00:00,0,3,3
709,2017-09-09 12:00:00,9,5,-4
709,2017-09-09 18:00:00,2,3,1
709,2017-09-10 00:00:00,1,1,0
709,2017-09-10 06:00:00,2,2,0
709,2017-09-10 12:00:00,11,5,-6
709,2017-09-10 18:00:00,4,3,-1
709,2017-09-11 00:00:00,0,0,0
709,2017-09-11 06:00:00,3,4,1
709,2017-09-11 12:00:00,4,5,1
709,2017-09-11 18:00:00,4,6,2
709,2017-09-12 00:00:00,0,0,0
709,2017-09-12 06:00:00,4,2,-2
709,2017-09-12 12:00:00,6,8,2
709,2017-09-12 18:00:00,1,3,2
709,2017-09-13 00:00:00,0,0,0
709,2017-09-13 06:00:00,6,4,-2
709,2017-09-13 12:00:00,2,1,-1
709,2017-09-13 18:00:00,2,6,4
709,2017-09-14 00:00:00,0,0,0
709,2017-09-14 06:00:00,5,2,-3
709,2017-09-14 12:00:00,2,7,5
709,2017-09-14 18:00:00,2,2,0
709,2017-09-15 00:00:00,0,0,0
709,2017-09-15 06:00:00,14,3,-11
709,2017-09-15 12:00:00,6,8,2
709,2017-09-15 18:00:00,4,13,9
709,2017-09-16 00:00:00,0,0,0
709,2017-09-16 06:00:00,4,7,3
709,2017-09-16 12:00:00,9,5,-4
709,2017-09-16 18:00:00,2,8,6
709,2017-09-17 00:00:00,1,1,0
709,2017-09-17 06:00:00,1,2,1
709,2017-09-17 12:00:00,13,10,-3
709,2017-09-17 18:00:00,3,2,-1
709,2017-09-18 00:00:00,0,1,1
709,2017-09-18 06:00:00,3,4,1
709,2017-09-18 12:00:00,4,5,1
709,2017-09-18 18:00:00,7,5,-2
709,2017-09-19 00:00:00,0,0,0
709,2017-09-19 06:00:00,3,3,0
709,2017-09-19 12:00:00,1,6,5
709,2017-09-19 18:00:00,2,4,2
723,2017-08-01 00:00:00,1,1,0
723,2017-08-01 06:00:00,21,7,-14
723,2017-08-01 12:00:00,8,14,6
723,2017-08-01 18:00:00,24,33,9
723,2017-08-02 00:00:00,2,2,0
723,2017-08-02 06:00:00,15,2,-13
723,2017-08-02 12:00:00,7,8,1
723,2017-08-02 18:00:00,6,13,7
723,2017-08-03 00:00:00,1,2,1
723,2017-08-03 06:00:00,13,5,-8
723,2017-08-03 12:00:00,8,11,3
723,2017-08-03 18:00:00,18,29,11
723,2017-08-04 00:00:00,0,3,3
723,2017-08-04 06:00:00,21,4,-17
723,2017-08-04 12:00:00,8,9,1
723,2017-08-04 18:00:00,10,15,5
723,2017-08-05 00:00:00,1,8,7
723,2017-08-05 06:00:00,10,7,-3
723,2017-08-05 12:00:00,25,20,-5
723,2017-08-05 18:00:00,16,15,-1
723,2017-08-06 00:00:00,0,2,2
723,2017-08-06 06:00:00,14,7,-7
723,2017-08-06 12:00:00,17,27,10
723,2017-08-06 18:00:00,5,20,15
723,2017-08-07 00:00:00,1,1,0
723,2017-08-07 06:00:00,27,5,-22
723,2017-08-07 12:00:00,6,15,9
723,2017-08-07 18:00:00,7,25,18
723,2017-08-08 00:00:00,1,1,0
723,2017-08-08 06:00:00,29,1,-28
723,2017-08-08 12:00:00,12,18,6
723,2017-08-08 18:00:00,11,29,18
723,2017-08-09 00:00:00,1,1,0
723,2017-08-09 06:00:00,22,3,-19
723,2017-08-09 12:00:00,4,5,1
723,2017-08-09 18:00:00,2,9,7
723,2017-08-10 00:00:00,3,5,2
723,2017-08-10 06:00:00,16,3,-13
723,2017-08-10 12:00:00,8,13,5
723,2017-08-10 18:00:00,17,24,7
723,2017-08-11 00:00:00,3,3,0
723,2017-08-11 06:00:00,14,3,-11
723,2017-08-11 12:00:00,10,16,6
723,2017-08-11 18:00:00,11,23,12
723,2017-08-12 00:00:00,4,3,-1
723,2017-08-12 06:00:00,15,1,-14
723,2017-08-12 12:00:00,26,26,0
723,2017-08-12 18:00:00,13,19,6
723,2017-08-13 00:00:00,4,5,1
723,2017-08-13 06:00:00,15,4,-11
723,2017-08-13 12:00:00,36,27,-9
723,2017-08-13 18:00:00,15,19,4
723,2017-08-14 00:00:00,5,6,1
723,2017-08-14 06:00:00,20,6,-14
723,2017-08-14 12:00:00,8,9,1
723,2017-08-14 18:00:00,7,27,20
723,2017-08-15 00:00:00,3,2,-1
723,2017-08-15 06:00:00,24,7,-17
723,2017-08-15 12:00:00,14,21,7
723,2017-08-15 18:00:00,12,19,7
723,2017-08-16 00:00:00,3,8,5
723,2017-08-16 06:00:00,22,3,-19
723,2017-08-16 12:00:00,11,17,6
723,2017-08-16 18:00:00,13,21,8
723,2017-08-17 00:00:00,0,6,6
723,2017-08-17 06:00:00,22,1,-21
723,2017-08-17 12:00:00,6,7,1
723,2017-08-17 18:00:00,10,14,4
723,2017-08-18 00:00:00,1,4,3
723,2017-08-18 06:00:00,15,7,-8
723,2017-08-18 12:00:00,5,13,8
723,2017-08-18 18:00:00,10,19,9
723,2017-08-19 00:00:00,2,2,0
723,2017-08-19 06:00:00,8,10,2
723,2017-08-19 12:00:00,33,31,-2
723,2017-08-19 18:00:00,11,20,9
723,2017-08-20 00:00:00,4,4,0
723,2017-08-20 06:00:00,16,4,-12
723,2017-08-20 12:00:00,27,26,-1
723,2017-08-20 18:00:00,7,14,7
723,2017-08-21 00:00:00,0,0,0
723,2017-08-21 06:00:00,23,1,-22
723,2017-08-21 12:00:00,6,11,5
723,2017-08-21 18:00:00,7,18,11
723,2017-08-22 00:00:00,3,1,-2
723,2017-08-22 06:00:00,18,6,-12
723,2017-08-22 12:00:00,5,14,9
723,2017-08-22 18:00:00,6,16,10
723,2017-08-23 00:00:00,2,2,0
723,2017-08-23 06:00:00,20,3,-17
723,2017-08-23 12:00:00,10,10,0
723,2017-08-23 18:00:00,12,21,9
723,2017-08-24 00:00:00,1,1,0
723,2017-08-24 06:00:00,22,4,-18
723,2017-08-24 12:00:00,13,13,0
723,2017-08-24 18:00:00,10,34,24
723,2017-08-25 00:00:00,1,7,6
723,2017-08-25 06:00:00,27,4,-23
723,2017-08-25 12:00:00,19,22,3
723,2017-08-25 18:00:00,8,22,14
723,2017-08-26 00:00:00,2,10,8
723,2017-08-26 06:00:00,15,9,-6
723,2017-08-26 12:00:00,12,26,14
723,2017-08-26 18:00:00,6,9,3
723,2017-08-27 00:00:00,9,11,2
723,2017-08-27 06:00:00,12,5,-7
723,2017-08-27 12:00:00,24,21,-3
723,2017-08-27 18:00:00,20,10,-10
723,2017-08-28 00:00:00,3,3,0
723,2017-08-28 06:00:00,12,2,-10
723,2017-08-28 12:00:00,34,38,4
723,2017-08-28 18:00:00,15,30,15
723,2017-08-29 00:00:00,2,0,-2
723,2017-08-29 06:00:00,9,0,-9
723,2017-08-29 12:00:00,0,0,0
723,2017-08-29 18:00:00,2,2,0
723,2017-08-30 00:00:00,2,0,-2
723,2017-08-30 06:00:00,28,4,-24
723,2017-08-30 12:00:00,3,6,3
723,2017-08-30 18:00:00,5,14,9
723,2017-08-31 00:00:00,2,1,-1
723,2017-08-31 06:00:00,24,7,-17
723,2017-08-31 12:00:00,10,7,-3
723,2017-08-31 18:00:00,11,29,18
723,2017-09-01 00:00:00,2,3,1
723,2017-09-01 06:00:00,26,5,-21
723,2017-09-01 12:00:00,20,19,-1
723,2017-09-01 18:00:00,13,26,13
723,2017-09-02 00:00:00,6,7,1
723,2017-09-02 06:00:00,16,6,-10
723,2017-09-02 12:00:00,36,27,-9
723,2017-09-02 18:00:00,6,22,16
723,2017-09-03 00:00:00,0,1,1
723,2017-09-03 06:00:00,14,8,-6
723,2017-09-03 12:00:00,21,26,5
723,2017-09-03 18:00:00,5,10,5
723,2017-09-04 00:00:00,0,0,0
723,2017-09-04 06:00:00,22,8,-14
723,2017-09-04 12:00:00,13,12,-1
723,2017-09-04 18:00:00,9,27,18
723,2017-09-05 00:00:00,1,1,0
723,2017-09-05 06:00:00,21,6,-15
723,2017-09-05 12:00:00,12,13,1
723,2017-09-05 18:00:00,9,20,11
723,2017-09-06 00:00:00,1,3,2
723,2017-09-06 06:00:00,22,1,-21
723,2017-09-06 12:00:00,6,11,5
723,2017-09-06 18:00:00,20,24,4
723,2017-09-07 00:00:00,1,3,2
723,2017-09-07 06:00:00,14,4,-10
723,2017-09-07 12:00:00,12,19,7
723,2017-09-07 18:00:00,15,23,8
723,2017-09-08 00:00:00,1,3,2
723,2017-09-08 06:00:00,20,6,-14
723,2017-09-08 12:00:00,9,11,2
723,2017-09-08 18:00:00,5,16,11
723,2017-09-09 00:00:00,0,10,10
723,2017-09-09 06:00:00,20,2,-18
723,2017-09-09 12:00:00,25,26,1
723,2017-09-09 18:00:00,11,28,17
723,2017-09-10 00:00:00,1,1,0
723,2017-09-10 06:00:00,13,5,-8
723,2017-09-10 12:00:00,10,19,9
723,2017-09-10 18:00:00,3,5,2
723,2017-09-11 00:00:00,1,0,-1
723,2017-09-11 06:00:00,13,5,-8
723,2017-09-11 12:00:00,9,7,-2
723,2017-09-11 18:00:00,8,17,9
723,2017-09-12 00:00:00,2,0,-2
723,2017-09-12 06:00:00,24,5,-19
723,2017-09-12 12:00:00,10,10,0
723,2017-09-12 18:00:00,6,22,16
723,2017-09-13 00:00:00,2,0,-2
723,2017-09-13 06:00:00,30,4,-26
723,2017-09-13 12:00:00,13,10,-3
723,2017-09-13 18:00:00,8,22,14
723,2017-09-14 00:00:00,2,0,-2
723,2017-09-14 06:00:00,25,4,-21
723,2017-09-14 12:00:00,10,9,-1
723,2017-09-14 18:00:00,12,18,6
723,2017-09-15 00:00:00,1,1,0
723,2017-09-15 06:00:00,12,5,-7
723,2017-09-15 12:00:00,5,4,-1
723,2017-09-15 18:00:00,7,20,13
723,2017-09-16 00:00:00,2,6,4
723,2017-09-16 06:00:00,11,6,-5
723,2017-09-16 12:00:00,19,19,0
723,2017-09-16 18:00:00,9,16,7
723,2017-09-17 00:00:00,3,1,-2
723,2017-09-17 06:00:00,9,5,-4
723,2017-09-17 12:00:00,20,14,-6
723,2017-09-17 18:00:00,8,10,2
723,2017-09-18 00:00:00,0,2,2
723,2017-09-18 06:00:00,14,5,-9
723,2017-09-18 12:00:00,5,8,3
723,2017-09-18 18:00:00,8,26,18
723,2017-09-19 00:00:00,2,0,-2
723,2017-09-19 06:00:00,12,2,-10
723,2017-09-19 12:00:00,18,12,-6
723,2017-09-19 18:00:00,11,36,25
728,2017-08-01 00:00:00,0,0,0
728,2017-08-01 06:00:00,9,5,-4
728,2017-08-01 12:00:00,5,3,-2
728,2017-08-01 18:00:00,3,8,5
728,2017-08-02 00:00:00,1,0,-1
728,2017-08-02 06:00:00,6,3,-3
728,2017-08-02 12:00:00,1,2,1
728,2017-08-02 18:00:00,2,3,1
728,2017-08-03 00:00:00,0,0,0
728,2017-08-03 06:00:00,6,5,-1
728,2017-08-03 12:00:00,4,2,-2
728,2017-08-03 18:00:00,2,5,3
728,2017-08-04 00:00:00,5,5,0
728,2017-08-04 06:00:00,2,2,0
728,2017-08-04 12:00:00,2,1,-1
728,2017-08-04 18:00:00,2,2,0
728,2017-08-05 00:00:00,2,1,-1
728,2017-08-05 06:00:00,2,2,0
728,2017-08-05 12:00:00,4,11,7
728,2017-08-05 18:00:00,7,5,-2
728,2017-08-06 00:00:00,1,1,0
728,2017-08-06 06:00:00,1,5,4
728,2017-08-06 12:00:00,19,15,-4
728,2017-08-06 18:00:00,1,1,0
728,2017-08-07 00:00:00,0,0,0
728,2017-08-07 06:00:00,2,3,1
728,2017-08-07 12:00:00,0,0,0
728,2017-08-07 18:00:00,2,4,2
728,2017-08-08 00:00:00,0,0,0
728,2017-08-08 06:00:00,4,4,0
728,2017-08-08 12:00:00,3,1,-2
728,2017-08-08 18:00:00,2,3,1
728,2017-08-09 00:00:00,1,0,-1
728,2017-08-09 06:00:00,0,3,3
728,2017-08-09 12:00:00,1,0,-1
728,2017-08-09 18:00:00,0,0,0
728,2017-08-10 00:00:00,0,0,0
728,2017-08-10 06:00:00,4,2,-2
728,2017-08-10 12:00:00,1,2,1
728,2017-08-10 18:00:00,4,8,4
728,2017-08-11 00:00:00,0,0,0
728,2017-08-11 06:00:00,10,4,-6
728,2017-08-11 12:00:00,0,3,3
728,2017-08-11 18:00:00,3,8,5
728,2017-08-12 00:00:00,0,4,4
728,2017-08-12 06:00:00,4,7,3
728,2017-08-12 12:00:00,6,5,-1
728,2017-08-12 18:00:00,10,7,-3
728,2017-08-13 00:00:00,0,1,1
728,2017-08-13 06:00:00,6,4,-2
728,2017-08-13 12:00:00,20,19,-1
728,2017-08-13 18:00:00,13,9,-4
728,2017-08-14 00:00:00,0,0,0
728,2017-08-14 06:00:00,6,4,-2
728,2017-08-14 12:00:00,2,3,1
728,2017-08-14 18:00:00,6,6,0
728,2017-08-15 00:00:00,2,0,-2
728,2017-08-15 06:00:00,6,2,-4
728,2017-08-15 12:00:00,1,3,2
728,2017-08-15 18:00:00,1,7,6
728,2017-08-16 00:00:00,1,0,-1
728,2017-08-16 06:00:00,5,1,-4
728,2017-08-16 12:00:00,4,6,2
728,2017-08-16 18:00:00,2,4,2
728,2017-08-17 00:00:00,0,0,0
728,2017-08-17 06:00:00,4,2,-2
728,2017-08-17 12:00:00,1,2,1
728,2017-08-17 18:00:00,3,6,3
728,2017-08-18 00:00:00,1,1,0
728,2017-08-18 06:00:00,4,2,-2
728,2017-08-18 12:00:00,1,0,-1
728,2017-08-18 18:00:00,1,2,1
728,2017-08-19 00:00:00,0,0,0
728,2017-08-19 06:00:00,1,3,2
728,2017-08-19 12:00:00,9,5,-4
728,2017-08-19 18:00:00,3,11,8
728,2017-08-20 00:00:00,0,1,1
728,2017-08-20 06:00:00,2,1,-1
728,2017-08-20 12:00:00,6,1,-5
728,2017-08-20 18:00:00,0,2,2
728,2017-08-21 00:00:00,0,0,0
728,2017-08-21 06:00:00,5,1,-4
728,2017-08-21 12:00:00,0,2,2
728,2017-08-21 18:00:00,5,3,-2
728,2017-08-22 00:00:00,0,0,0
728,2017-08-22 06:00:00,2,4,2
728,2017-08-22 12:00:00,4,5,1
728,2017-08-22 18:00:00,2,2,0
728,2017-08-23 00:00:00,0,0,0
728,2017-08-23 06:00:00,6,2,-4
728,2017-08-23 12:00:00,2,2,0
728,2017-08-23 18:00:00,1,2,1
728,2017-08-24 00:00:00,1,1,0
728,2017-08-24 06:00:00,3,3,0
728,2017-08-24 12:00:00,2,0,-2
728,2017-08-24 18:00:00,2,1,-1
728,2017-08-25 00:00:00,0,0,0
728,2017-08-25 06:00:00,2,3,1
728,2017-08-25 12:00:00,4,3,-1
728,2017-08-25 18:00:00,5,9,4
728,2017-08-26 00:00:00,0,0,0
728,2017-08-26 06:00:00,1,2,1
728,2017-08-26 12:00:00,6,4,-2
728,2017-08-26 18:00:00,1,3,2
728,2017-08-27 00:00:00,1,0,-1
728,2017-08-27 06:00:00,2,2,0
728,2017-08-27 12:00:00,5,7,2
728,2017-08-27 18:00:00,4,10,6
728,2017-08-28 00:00:00,1,1,0
728,2017-08-28 06:00:00,4,2,-2
728,2017-08-28 12:00:00,15,5,-10
728,2017-08-28 18:00:00,6,6,0
728,2017-08-29 00:00:00,0,0,0
728,2017-08-29 06:00:00,5,4,-1
728,2017-08-29 12:00:00,4,3,-1
728,2017-08-29 18:00:00,2,7,5
728,2017-08-30 00:00:00,0,0,0
728,2017-08-30 06:00:00,4,2,-2
728,2017-08-30 12:00:00,1,0,-1
728,2017-08-30 18:00:00,3,2,-1
728,2017-08-31 00:00:00,0,0,0
728,2017-08-31 06:00:00,3,5,2
728,2017-08-31 12:00:00,2,2,0
728,2017-08-31 18:00:00,4,8,4
728,2017-09-01 00:00:00,1,1,0
728,2017-09-01 06:00:00,3,1,-2
728,2017-09-01 12:00:00,5,0,-5
728,2017-09-01 18:00:00,0,2,2
728,2017-09-02 00:00:00,1,0,-1
728,2017-09-02 06:00:00,1,1,0
728,2017-09-02 12:00:00,7,11,4
728,2017-09-02 18:00:00,9,8,-1
728,2017-09-03 00:00:00,1,0,-1
728,2017-09-03 06:00:00,1,1,0
728,2017-09-03 12:00:00,5,2,-3
728,2017-09-03 18:00:00,4,4,0
728,2017-09-04 00:00:00,0,0,0
728,2017-09-04 06:00:00,4,2,-2
728,2017-09-04 12:00:00,4,1,-3
728,2017-09-04 18:00:00,2,5,3
728,2017-09-05 00:00:00,0,0,0
728,2017-09-05 06:00:00,6,0,-6
728,2017-09-05 12:00:00,0,1,1
728,2017-09-05 18:00:00,2,10,8
728,2017-09-06 00:00:00,0,0,0
728,2017-09-06 06:00:00,8,1,-7
728,2017-09-06 12:00:00,0,2,2
728,2017-09-06 18:00:00,4,2,-2
728,2017-09-07 00:00:00,0,0,0
728,2017-09-07 06:00:00,3,1,-2
728,2017-09-07 12:00:00,1,3,2
728,2017-09-07 18:00:00,3,2,-1
728,2017-09-08 00:00:00,0,0,0
728,2017-09-08 06:00:00,1,0,-1
728,2017-09-08 12:00:00,2,4,2
728,2017-09-08 18:00:00,0,5,5
728,2017-09-09 00:00:00,1,0,-1
728,2017-09-09 06:00:00,3,2,-1
728,2017-09-09 12:00:00,4,5,1
728,2017-09-09 18:00:00,0,0,0
728,2017-09-10 00:00:00,0,0,0
728,2017-09-10 06:00:00,2,5,3
728,2017-09-10 12:00:00,7,3,-4
728,2017-09-10 18:00:00,0,1,1
728,2017-09-11 00:00:00,0,0,0
728,2017-09-11 06:00:00,6,1,-5
728,2017-09-11 12:00:00,1,2,1
728,2017-09-11 18:00:00,1,5,4
728,2017-09-12 00:00:00,1,0,-1
728,2017-09-12 06:00:00,5,0,-5
728,2017-09-12 12:00:00,0,7,7
728,2017-09-12 18:00:00,0,2,2
728,2017-09-13 00:00:00,0,0,0
728,2017-09-13 06:00:00,7,3,-4
728,2017-09-13 12:00:00,1,3,2
728,2017-09-13 18:00:00,4,6,2
728,2017-09-14 00:00:00,0,0,0
728,2017-09-14 06:00:00,10,2,-8
728,2017-09-14 12:00:00,2,5,3
728,2017-09-14 18:00:00,1,4,3
728,2017-09-15 00:00:00,2,0,-2
728,2017-09-15 06:00:00,6,0,-6
728,2017-09-15 12:00:00,0,2,2
728,2017-09-15 18:00:00,4,6,2
728,2017-09-16 00:00:00,0,0,0
728,2017-09-16 06:00:00,2,5,3
728,2017-09-16 12:00:00,5,5,0
728,2017-09-16 18:00:00,0,1,1
728,2017-09-17 00:00:00,1,0,-1
728,2017-09-17 06:00:00,3,3,0
728,2017-09-17 12:00:00,2,0,-2
728,2017-09-17 18:00:00,3,3,0
728,2017-09-18 00:00:00,0,0,0
728,2017-09-18 06:00:00,5,1,-4
728,2017-09-18 12:00:00,0,3,3
728,2017-09-18 18:00:00,3,7,4
728,2017-09-19 00:00:00,0,0,0
728,2017-09-19 06:00:00,2,2,0
728,2017-09-19 12:00:00,3,1,-2
728,2017-09-19 18:00:00,0,5,5
743,2017-08-01 00:00:00,0,0,0
743,2017-08-01 06:00:00,8,3,-5
743,2017-08-01 12:00:00,2,4,2
743,2017-08-01 18:00:00,1,7,6
743,2017-08-02 00:00:00,0,0,0
743,2017-08-02 06:00:00,4,4,0
743,2017-08-02 12:00:00,3,1,-2
743,2017-08-02 18:00:00,2,2,0
743,2017-08-03 00:00:00,0,0,0
743,2017-08-03 06:00:00,4,1,-3
743,2017-08-03 12:00:00,0,1,1
743,2017-08-03 18:00:00,6,2,-4
743,2017-08-04 00:00:00,0,1,1
743,2017-08-04 06:00:00,10,4,-6
743,2017-08-04 12:00:00,1,2,1
743,2017-08-04 18:00:00,1,3,2
743,2017-08-05 00:00:00,0,0,0
743,2017-08-05 06:00:00,6,0,-6
743,2017-08-05 12:00:00,13,10,-3
743,2017-08-05 18:00:00,1,2,1
743,2017-08-06 00:00:00,0,1,1
743,2017-08-06 06:00:00,8,1,-7
743,2017-08-06 12:00:00,7,6,-1
743,2017-08-06 18:00:00,7,6,-1
743,2017-08-07 00:00:00,0,0,0
743,2017-08-07 06:00:00,10,3,-7
743,2017-08-07 12:00:00,6,5,-1
743,2017-08-07 18:00:00,7,5,-2
743,2017-08-08 00:00:00,0,0,0
743,2017-08-08 06:00:00,8,3,-5
743,2017-08-08 12:00:00,3,3,0
743,2017-08-08 18:00:00,1,9,8
743,2017-08-09 00:00:00,0,0,0
743,2017-08-09 06:00:00,5,3,-2
743,2017-08-09 12:00:00,0,0,0
743,2017-08-09 18:00:00,2,1,-1
743,2017-08-10 00:00:00,0,0,0
743,2017-08-10 06:00:00,3,4,1
743,2017-08-10 12:00:00,4,5,1
743,2017-08-10 18:00:00,3,7,4
743,2017-08-11 00:00:00,0,0,0
743,2017-08-11 06:00:00,8,5,-3
743,2017-08-11 12:00:00,5,2,-3
743,2017-08-11 18:00:00,5,0,-5
743,2017-08-12 00:00:00,0,0,0
743,2017-08-12 06:00:00,0,1,1
743,2017-08-12 12:00:00,2,1,-1
743,2017-08-12 18:00:00,0,0,0
743,2017-08-13 00:00:00,0,1,1
743,2017-08-13 06:00:00,0,2,2
743,2017-08-13 12:00:00,8,8,0
743,2017-08-13 18:00:00,0,4,4
743,2017-08-14 00:00:00,0,0,0
743,2017-08-14 06:00:00,5,4,-1
743,2017-08-14 12:00:00,3,2,-1
743,2017-08-14 18:00:00,1,4,3
743,2017-08-15 00:00:00,0,0,0
743,2017-08-15 06:00:00,5,4,-1
743,2017-08-15 12:00:00,6,2,-4
743,2017-08-15 18:00:00,9,7,-2
743,2017-08-16 00:00:00,0,0,0
743,2017-08-16 06:00:00,9,12,3
743,2017-08-16 12:00:00,2,4,2
743,2017-08-16 18:00:00,6,5,-1
743,2017-08-17 00:00:00,0,0,0
743,2017-08-17 06:00:00,4,3,-1
743,2017-08-17 12:00:00,6,13,7
743,2017-08-17 18:00:00,6,10,4
743,2017-08-18 00:00:00,0,2,2
743,2017-08-18 06:00:00,4,4,0
743,2017-08-18 12:00:00,3,2,-1
743,2017-08-18 18:00:00,1,3,2
743,2017-08-19 00:00:00,0,0,0
743,2017-08-19 06:00:00,1,2,1
743,2017-08-19 12:00:00,1,3,2
743,2017-08-19 18:00:00,2,6,4
743,2017-08-20 00:00:00,0,2,2
743,2017-08-20 06:00:00,6,1,-5
743,2017-08-20 12:00:00,5,7,2
743,2017-08-20 18:00:00,0,0,0
743,2017-08-21 00:00:00,0,0,0
743,2017-08-21 06:00:00,3,4,1
743,2017-08-21 12:00:00,2,2,0
743,2017-08-21 18:00:00,5,7,2
743,2017-08-22 00:00:00,0,0,0
743,2017-08-22 06:00:00,3,3,0
743,2017-08-22 12:00:00,0,3,3
743,2017-08-22 18:00:00,3,1,-2
743,2017-08-23 00:00:00,0,0,0
743,2017-08-23 06:00:00,4,3,-1
743,2017-08-23 12:00:00,3,4,1
743,2017-08-23 18:00:00,3,3,0
743,2017-08-24 00:00:00,0,0,0
743,2017-08-24 06:00:00,8,3,-5
743,2017-08-24 12:00:00,3,3,0
743,2017-08-24 18:00:00,6,3,-3
743,2017-08-25 00:00:00,0,0,0
743,2017-08-25 06:00:00,5,3,-2
743,2017-08-25 12:00:00,2,7,5
743,2017-08-25 18:00:00,5,8,3
743,2017-08-26 00:00:00,0,1,1
743,2017-08-26 06:00:00,2,4,2
743,2017-08-26 12:00:00,6,4,-2
743,2017-08-26 18:00:00,1,3,2
743,2017-08-27 00:00:00,0,2,2
743,2017-08-27 06:00:00,4,1,-3
743,2017-08-27 12:00:00,2,6,4
743,2017-08-27 18:00:00,0,6,6
743,2017-08-28 00:00:00,0,0,0
743,2017-08-28 06:00:00,0,2,2
743,2017-08-28 12:00:00,5,3,-2
743,2017-08-28 18:00:00,5,9,4
743,2017-08-29 00:00:00,0,0,0
743,2017-08-29 06:00:00,3,2,-1
743,2017-08-29 12:00:00,2,3,1
743,2017-08-29 18:00:00,8,6,-2
743,2017-08-30 00:00:00,0,0,0
743,2017-08-30 06:00:00,2,2,0
743,2017-08-30 12:00:00,0,1,1
743,2017-08-30 18:00:00,2,2,0
743,2017-08-31 00:00:00,0,0,0
743,2017-08-31 06:00:00,5,2,-3
743,2017-08-31 12:00:00,3,4,1
743,2017-08-31 18:00:00,9,6,-3
743,2017-09-01 00:00:00,0,1,1
743,2017-09-01 06:00:00,6,6,0
743,2017-09-01 12:00:00,7,8,1
743,2017-09-01 18:00:00,8,6,-2
743,2017-09-02 00:00:00,0,2,2
743,2017-09-02 06:00:00,4,3,-1
743,2017-09-02 12:00:00,11,12,1
743,2017-09-02 18:00:00,7,5,-2
743,2017-09-03 00:00:00,2,0,-2
743,2017-09-03 06:00:00,3,7,4
743,2017-09-03 12:00:00,7,5,-2
743,2017-09-03 18:00:00,1,0,-1
743,2017-09-04 00:00:00,0,0,0
743,2017-09-04 06:00:00,4,6,2
743,2017-09-04 12:00:00,4,2,-2
743,2017-09-04 18:00:00,2,4,2
743,2017-09-05 00:00:00,0,0,0
743,2017-09-05 06:00:00,9,8,-1
743,2017-09-05 12:00:00,5,2,-3
743,2017-09-05 18:00:00,4,4,0
743,2017-09-06 00:00:00,0,0,0
743,2017-09-06 06:00:00,7,2,-5
743,2017-09-06 12:00:00,4,5,1
743,2017-09-06 18:00:00,3,8,5
743,2017-09-07 00:00:00,0,1,1
743,2017-09-07 06:00:00,7,4,-3
743,2017-09-07 12:00:00,4,5,1
743,2017-09-07 18:00:00,5,8,3
743,2017-09-08 00:00:00,0,0,0
743,2017-09-08 06:00:00,3,3,0
743,2017-09-08 12:00:00,0,3,3
743,2017-09-08 18:00:00,3,4,1
743,2017-09-09 00:00:00,1,1,0
743,2017-09-09 06:00:00,8,4,-4
743,2017-09-09 12:00:00,4,6,2
743,2017-09-09 18:00:00,1,1,0
743,2017-09-10 00:00:00,0,1,1
743,2017-09-10 06:00:00,4,3,-1
743,2017-09-10 12:00:00,3,5,2
743,2017-09-10 18:00:00,2,2,0
743,2017-09-11 00:00:00,0,0,0
743,2017-09-11 06:00:00,4,5,1
743,2017-09-11 12:00:00,4,2,-2
743,2017-09-11 18:00:00,4,2,-2
743,2017-09-12 00:00:00,0,0,0
743,2017-09-12 06:00:00,9,2,-7
743,2017-09-12 12:00:00,1,1,0
743,2017-09-12 18:00:00,2,6,4
743,2017-09-13 00:00:00,0,0,0
743,2017-09-13 06:00:00,6,4,-2
743,2017-09-13 12:00:00,2,4,2
743,2017-09-13 18:00:00,6,6,0
743,2017-09-14 00:00:00,0,0,0
743,2017-09-14 06:00:00,6,2,-4
743,2017-09-14 12:00:00,2,3,1
743,2017-09-14 18:00:00,4,5,1
743,2017-09-15 00:00:00,0,0,0
743,2017-09-15 06:00:00,7,7,0
743,2017-09-15 12:00:00,6,5,-1
743,2017-09-15 18:00:00,3,6,3
743,2017-09-16 00:00:00,0,1,1
743,2017-09-16 06:00:00,7,6,-1
743,2017-09-16 12:00:00,6,8,2
743,2017-09-16 18:00:00,2,4,2
743,2017-09-17 00:00:00,0,0,0
743,2017-09-17 06:00:00,4,2,-2
743,2017-09-17 12:00:00,11,6,-5
743,2017-09-17 18:00:00,4,6,2
743,2017-09-18 00:00:00,0,0,0
743,2017-09-18 06:00:00,1,7,6
743,2017-09-18 12:00:00,4,5,1
743,2017-09-18 18:00:00,3,2,-1
743,2017-09-19 00:00:00,0,0,0
743,2017-09-19 06:00:00,7,3,-4
743,2017-09-19 12:00:00,4,5,1
743,2017-09-19 18:00:00,2,6,4
752,2017-08-01 00:00:00,0,0,0
752,2017-08-01 06:00:00,4,3,-1
752,2017-08-01 12:00:00,0,0,0
752,2017-08-01 18:00:00,0,3,3
752,2017-08-02 00:00:00,0,0,0
752,2017-08-02 06:00:00,3,0,-3
752,2017-08-02 12:00:00,0,0,0
752,2017-08-02 18:00:00,0,0,0
752,2017-08-03 00:00:00,0,0,0
752,2017-08-03 06:00:00,3,2,-1
752,2017-08-03 12:00:00,2,1,-1
752,2017-08-03 18:00:00,1,3,2
752,2017-08-04 00:00:00,1,1,0
752,2017-08-04 06:00:00,3,0,-3
752,2017-08-04 12:00:00,2,4,2
752,2017-08-04 18:00:00,0,5,5
752,2017-08-05 00:00:00,0,1,1
752,2017-08-05 06:00:00,4,0,-4
752,2017-08-05 12:00:00,2,1,-1
752,2017-08-05 18:00:00,1,2,1
752,2017-08-06 00:00:00,1,1,0
752,2017-08-06 06:00:00,2,0,-2
752,2017-08-06 12:00:00,2,1,-1
752,2017-08-06 18:00:00,1,0,-1
752,2017-08-07 00:00:00,0,2,2
752,2017-08-07 06:00:00,4,2,-2
752,2017-08-07 12:00:00,3,0,-3
752,2017-08-07 18:00:00,1,0,-1
752,2017-08-08 00:00:00,0,0,0
752,2017-08-08 06:00:00,3,1,-2
752,2017-08-08 12:00:00,6,3,-3
752,2017-08-08 18:00:00,1,3,2
752,2017-08-09 00:00:00,0,0,0
752,2017-08-09 06:00:00,5,0,-5
752,2017-08-09 12:00:00,0,0,0
752,2017-08-09 18:00:00,1,0,-1
752,2017-08-10 00:00:00,0,0,0
752,2017-08-10 06:00:00,3,0,-3
752,2017-08-10 12:00:00,1,2,1
752,2017-08-10 18:00:00,0,1,1
752,2017-08-11 00:00:00,0,0,0
752,2017-08-11 06:00:00,3,1,-2
752,2017-08-11 12:00:00,2,3,1
752,2017-08-11 18:00:00,1,3,2
752,2017-08-12 00:00:00,0,0,0
752,2017-08-12 06:00:00,3,0,-3
752,2017-08-12 12:00:00,1,2,1
752,2017-08-12 18:00:00,0,0,0
752,2017-08-13 00:00:00,0,0,0
752,2017-08-13 06:00:00,0,1,1
752,2017-08-13 12:00:00,4,3,-1
752,2017-08-13 18:00:00,1,0,-1
752,2017-08-14 00:00:00,0,0,0
752,2017-08-14 06:00:00,1,1,0
752,2017-08-14 12:00:00,1,0,-1
752,2017-08-14 18:00:00,1,4,3
752,2017-08-15 00:00:00,0,0,0
752,2017-08-15 06:00:00,3,0,-3
752,2017-08-15 12:00:00,0,0,0
752,2017-08-15 18:00:00,0,3,3
752,2017-08-16 00:00:00,0,0,0
752,2017-08-16 06:00:00,3,2,-1
752,2017-08-16 12:00:00,3,1,-2
752,2017-08-16 18:00:00,1,4,3
752,2017-08-17 00:00:00,0,0,0
752,2017-08-17 06:00:00,2,0,-2
752,2017-08-17 12:00:00,1,0,-1
752,2017-08-17 18:00:00,0,1,1
752,2017-08-18 00:00:00,0,0,0
752,2017-08-18 06:00:00,1,1,0
752,2017-08-18 12:00:00,0,0,0
752,2017-08-18 18:00:00,3,2,-1
752,2017-08-19 00:00:00,0,0,0
752,2017-08-19 06:00:00,5,2,-3
752,2017-08-19 12:00:00,1,1,0
752,2017-08-19 18:00:00,0,1,1
752,2017-08-20 00:00:00,0,1,1
752,2017-08-20 06:00:00,1,0,-1
752,2017-08-20 12:00:00,7,4,-3
752,2017-08-20 18:00:00,0,0,0
752,2017-08-21 00:00:00,0,0,0
752,2017-08-21 06:00:00,1,1,0
752,2017-08-21 12:00:00,3,1,-2
752,2017-08-21 18:00:00,1,3,2
752,2017-08-22 00:00:00,0,0,0
752,2017-08-22 06:00:00,3,1,-2
752,2017-08-22 12:00:00,2,0,-2
752,2017-08-22 18:00:00,0,2,2
752,2017-08-23 00:00:00,0,0,0
752,2017-08-23 06:00:00,1,1,0
752,2017-08-23 12:00:00,3,2,-1
752,2017-08-23 18:00:00,2,1,-1
752,2017-08-24 00:00:00,0,0,0
752,2017-08-24 06:00:00,4,2,-2
752,2017-08-24 12:00:00,0,0,0
752,2017-08-24 18:00:00,1,3,2
752,2017-08-25 00:00:00,0,0,0
752,2017-08-25 06:00:00,4,2,-2
752,2017-08-25 12:00:00,3,3,0
752,2017-08-25 18:00:00,1,1,0
752,2017-08-26 00:00:00,0,0,0
752,2017-08-26 06:00:00,1,0,-1
752,2017-08-26 12:00:00,0,2,2
752,2017-08-26 18:00:00,1,2,1
752,2017-08-27 00:00:00,0,0,0
752,2017-08-27 06:00:00,2,0,-2
752,2017-08-27 12:00:00,0,0,0
752,2017-08-27 18:00:00,0,2,2
752,2017-08-28 00:00:00,0,0,0
752,2017-08-28 06:00:00,2,0,-2
752,2017-08-28 12:00:00,0,0,0
752,2017-08-28 18:00:00,0,0,0
752,2017-08-29 00:00:00,0,0,0
752,2017-08-29 06:00:00,1,1,0
752,2017-08-29 12:00:00,2,1,-1
752,2017-08-29 18:00:00,2,2,0
752,2017-08-30 00:00:00,0,0,0
752,2017-08-30 06:00:00,1,1,0
752,2017-08-30 12:00:00,1,1,0
752,2017-08-30 18:00:00,0,0,0
752,2017-08-31 00:00:00,0,0,0
752,2017-08-31 06:00:00,5,0,-5
752,2017-08-31 12:00:00,2,0,-2
752,2017-08-31 18:00:00,2,2,0
752,2017-09-01 00:00:00,0,0,0
752,2017-09-01 06:00:00,5,3,-2
752,2017-09-01 12:00:00,2,5,3
752,2017-09-01 18:00:00,1,3,2
752,2017-09-02 00:00:00,0,0,0
752,2017-09-02 06:00:00,3,3,0
752,2017-09-02 12:00:00,6,2,-4
752,2017-09-02 18:00:00,2,4,2
752,2017-09-03 00:00:00,0,0,0
752,2017-09-03 06:00:00,1,0,-1
752,2017-09-03 12:00:00,3,0,-3
752,2017-09-03 18:00:00,0,0,0
752,2017-09-04 00:00:00,0,0,0
752,2017-09-04 06:00:00,3,1,-2
752,2017-09-04 12:00:00,1,1,0
752,2017-09-04 18:00:00,1,5,4
752,2017-09-05 00:00:00,0,0,0
752,2017-09-05 06:00:00,3,1,-2
752,2017-09-05 12:00:00,3,0,-3
752,2017-09-05 18:00:00,1,4,3
752,2017-09-06 00:00:00,0,0,0
752,2017-09-06 06:00:00,5,2,-3
752,2017-09-06 12:00:00,2,0,-2
752,2017-09-06 18:00:00,4,4,0
752,2017-09-07 00:00:00,0,0,0
752,2017-09-07 06:00:00,3,2,-1
752,2017-09-07 12:00:00,1,1,0
752,2017-09-07 18:00:00,1,3,2
752,2017-09-08 00:00:00,0,0,0
752,2017-09-08 06:00:00,3,1,-2
752,2017-09-08 12:00:00,1,5,4
752,2017-09-08 18:00:00,0,0,0
752,2017-09-09 00:00:00,0,0,0
752,2017-09-09 06:00:00,1,0,-1
752,2017-09-09 12:00:00,1,0,-1
752,2017-09-09 18:00:00,0,1,1
752,2017-09-10 00:00:00,0,0,0
752,2017-09-10 06:00:00,2,0,-2
752,2017-09-10 12:00:00,0,4,4
752,2017-09-10 18:00:00,0,0,0
752,2017-09-11 00:00:00,0,0,0
752,2017-09-11 06:00:00,3,1,-2
752,2017-09-11 12:00:00,0,0,0
752,2017-09-11 18:00:00,0,2,2
752,2017-09-12 00:00:00,0,0,0
752,2017-09-12 06:00:00,3,1,-2
752,2017-09-12 12:00:00,2,0,-2
752,2017-09-12 18:00:00,0,1,1
752,2017-09-13 00:00:00,0,0,0
752,2017-09-13 06:00:00,4,0,-4
752,2017-09-13 12:00:00,4,0,-4
752,2017-09-13 18:00:00,0,2,2
752,2017-09-14 00:00:00,0,1,1
752,2017-09-14 06:00:00,7,1,-6
752,2017-09-14 12:00:00,2,0,-2
752,2017-09-14 18:00:00,0,2,2
752,2017-09-15 00:00:00,0,0,0
752,2017-09-15 06:00:00,3,1,-2
752,2017-09-15 12:00:00,0,1,1
752,2017-09-15 18:00:00,0,9,9
752,2017-09-16 00:00:00,0,3,3
752,2017-09-16 06:00:00,3,0,-3
752,2017-09-16 12:00:00,1,4,3
752,2017-09-16 18:00:00,2,1,-1
752,2017-09-17 00:00:00,0,0,0
752,2017-09-17 06:00:00,3,2,-1
752,2017-09-17 12:00:00,1,1,0
752,2017-09-17 18:00:00,0,4,4
752,2017-09-18 00:00:00,0,0,0
752,2017-09-18 06:00:00,3,1,-2
752,2017-09-18 12:00:00,1,1,0
752,2017-09-18 18:00:00,2,5,3
752,2017-09-19 00:00:00,0,0,0
752,2017-09-19 06:00:00,7,1,-6
752,2017-09-19 12:00:00,2,0,-2
752,2017-09-19 18:00:00,1,4,3
765,2017-08-01 00:00:00,0,1,1
765,2017-08-01 06:00:00,3,4,1
765,2017-08-01 12:00:00,5,9,4
765,2017-08-01 18:00:00,16,10,-6
765,2017-08-02 00:00:00,0,0,0
765,2017-08-02 06:00:00,4,0,-4
765,2017-08-02 12:00:00,2,0,-2
765,2017-08-02 18:00:00,4,8,4
765,2017-08-03 00:00:00,1,0,-1
765,2017-08-03 06:00:00,4,1,-3
765,2017-08-03 12:00:00,8,9,1
765,2017-08-03 18:00:00,5,7,2
765,2017-08-04 00:00:00,0,1,1
765,2017-08-04 06:00:00,6,7,1
765,2017-08-04 12:00:00,4,3,-1
765,2017-08-04 18:00:00,6,6,0
765,2017-08-05 00:00:00,1,1,0
765,2017-08-05 06:00:00,11,6,-5
765,2017-08-05 12:00:00,7,7,0
765,2017-08-05 18:00:00,6,1,-5
765,2017-08-06 00:00:00,0,0,0
765,2017-08-06 06:00:00,5,3,-2
765,2017-08-06 12:00:00,8,8,0
765,2017-08-06 18:00:00,2,0,-2
765,2017-08-07 00:00:00,0,0,0
765,2017-08-07 06:00:00,7,6,-1
765,2017-08-07 12:00:00,0,2,2
765,2017-08-07 18:00:00,3,7,4
765,2017-08-08 00:00:00,0,0,0
765,2017-08-08 06:00:00,3,4,1
765,2017-08-08 12:00:00,3,3,0
765,2017-08-08 18:00:00,6,7,1
765,2017-08-09 00:00:00,0,0,0
765,2017-08-09 06:00:00,6,4,-2
765,2017-08-09 12:00:00,0,0,0
765,2017-08-09 18:00:00,0,1,1
765,2017-08-10 00:00:00,1,1,0
765,2017-08-10 06:00:00,7,3,-4
765,2017-08-10 12:00:00,4,3,-1
765,2017-08-10 18:00:00,7,7,0
765,2017-08-11 00:00:00,1,0,-1
765,2017-08-11 06:00:00,6,1,-5
765,2017-08-11 12:00:00,5,3,-2
765,2017-08-11 18:00:00,6,7,1
765,2017-08-12 00:00:00,0,2,2
765,2017-08-12 06:00:00,4,1,-3
765,2017-08-12 12:00:00,7,5,-2
765,2017-08-12 18:00:00,4,3,-1
765,2017-08-13 00:00:00,1,0,-1
765,2017-08-13 06:00:00,3,5,2
765,2017-08-13 12:00:00,13,11,-2
765,2017-08-13 18:00:00,4,4,0
765,2017-08-14 00:00:00,0,0,0
765,2017-08-14 06:00:00,3,2,-1
765,2017-08-14 12:00:00,2,4,2
765,2017-08-14 18:00:00,3,5,2
765,2017-08-15 00:00:00,0,0,0
765,2017-08-15 06:00:00,5,6,1
765,2017-08-15 12:00:00,5,7,2
765,2017-08-15 18:00:00,8,15,7
765,2017-08-16 00:00:00,1,0,-1
765,2017-08-16 06:00:00,5,3,-2
765,2017-08-16 12:00:00,8,2,-6
765,2017-08-16 18:00:00,7,5,-2
765,2017-08-17 00:00:00,0,0,0
765,2017-08-17 06:00:00,4,3,-1
765,2017-08-17 12:00:00,3,3,0
765,2017-08-17 18:00:00,3,6,3
765,2017-08-18 00:00:00,1,0,-1
765,2017-08-18 06:00:00,5,4,-1
765,2017-08-18 12:00:00,1,1,0
765,2017-08-18 18:00:00,1,6,5
765,2017-08-19 00:00:00,0,0,0
765,2017-08-19 06:00:00,4,2,-2
765,2017-08-19 12:00:00,11,4,-7
765,2017-08-19 18:00:00,2,1,-1
765,2017-08-20 00:00:00,0,0,0
765,2017-08-20 06:00:00,3,4,1
765,2017-08-20 12:00:00,12,10,-2
765,2017-08-20 18:00:00,3,0,-3
765,2017-08-21 00:00:00,0,0,0
765,2017-08-21 06:00:00,4,3,-1
765,2017-08-21 12:00:00,0,1,1
765,2017-08-21 18:00:00,6,8,2
765,2017-08-22 00:00:00,0,0,0
765,2017-08-22 06:00:00,5,5,0
765,2017-08-22 12:00:00,1,2,1
765,2017-08-22 18:00:00,4,13,9
765,2017-08-23 00:00:00,0,1,1
765,2017-08-23 06:00:00,7,3,-4
765,2017-08-23 12:00:00,6,6,0
765,2017-08-23 18:00:00,3,7,4
765,2017-08-24 00:00:00,0,2,2
765,2017-08-24 06:00:00,8,3,-5
765,2017-08-24 12:00:00,5,3,-2
765,2017-08-24 18:00:00,5,6,1
765,2017-08-25 00:00:00,1,0,-1
765,2017-08-25 06:00:00,2,5,3
765,2017-08-25 12:00:00,4,3,-1
765,2017-08-25 18:00:00,7,7,0
765,2017-08-26 00:00:00,1,0,-1
765,2017-08-26 06:00:00,3,4,1
765,2017-08-26 12:00:00,10,15,5
765,2017-08-26 18:00:00,4,1,-3
765,2017-08-27 00:00:00,2,0,-2
765,2017-08-27 06:00:00,4,3,-1
765,2017-08-27 12:00:00,13,4,-9
765,2017-08-27 18:00:00,11,2,-9
765,2017-08-28 00:00:00,0,0,0
765,2017-08-28 06:00:00,2,4,2
765,2017-08-28 12:00:00,22,17,-5
765,2017-08-28 18:00:00,6,5,-1
765,2017-08-29 00:00:00,0,2,2
765,2017-08-29 06:00:00,2,0,-2
765,2017-08-29 12:00:00,2,6,4
765,2017-08-29 18:00:00,4,9,5
765,2017-08-30 00:00:00,0,0,0
765,2017-08-30 06:00:00,4,2,-2
765,2017-08-30 12:00:00,1,1,0
765,2017-08-30 18:00:00,6,6,0
765,2017-08-31 00:00:00,0,0,0
765,2017-08-31 06:00:00,9,3,-6
765,2017-08-31 12:00:00,3,7,4
765,2017-08-31 18:00:00,4,13,9
765,2017-09-01 00:00:00,0,1,1
765,2017-09-01 06:00:00,5,4,-1
765,2017-09-01 12:00:00,9,8,-1
765,2017-09-01 18:00:00,4,8,4
765,2017-09-02 00:00:00,0,4,4
765,2017-09-02 06:00:00,8,11,3
765,2017-09-02 12:00:00,17,21,4
765,2017-09-02 18:00:00,9,7,-2
765,2017-09-03 00:00:00,0,2,2
765,2017-09-03 06:00:00,4,7,3
765,2017-09-03 12:00:00,5,12,7
765,2017-09-03 18:00:00,0,3,3
765,2017-09-04 00:00:00,0,0,0
765,2017-09-04 06:00:00,7,0,-7
765,2017-09-04 12:00:00,4,5,1
765,2017-09-04 18:00:00,8,11,3
765,2017-09-05 00:00:00,0,0,0
765,2017-09-05 06:00:00,8,3,-5
765,2017-09-05 12:00:00,5,7,2
765,2017-09-05 18:00:00,5,6,1
765,2017-09-06 00:00:00,0,1,1
765,2017-09-06 06:00:00,7,9,2
765,2017-09-06 12:00:00,3,2,-1
765,2017-09-06 18:00:00,4,6,2
765,2017-09-07 00:00:00,0,0,0
765,2017-09-07 06:00:00,8,3,-5
765,2017-09-07 12:00:00,4,1,-3
765,2017-09-07 18:00:00,4,7,3
765,2017-09-08 00:00:00,0,0,0
765,2017-09-08 06:00:00,3,1,-2
765,2017-09-08 12:00:00,2,9,7
765,2017-09-08 18:00:00,3,2,-1
765,2017-09-09 00:00:00,4,0,-4
765,2017-09-09 06:00:00,6,8,2
765,2017-09-09 12:00:00,16,10,-6
765,2017-09-09 18:00:00,3,1,-2
765,2017-09-10 00:00:00,0,0,0
765,2017-09-10 06:00:00,5,7,2
765,2017-09-10 12:00:00,4,10,6
765,2017-09-10 18:00:00,3,1,-2
765,2017-09-11 00:00:00,0,0,0
765,2017-09-11 06:00:00,6,6,0
765,2017-09-11 12:00:00,2,4,2
765,2017-09-11 18:00:00,8,9,1
765,2017-09-12 00:00:00,0,0,0
765,2017-09-12 06:00:00,3,3,0
765,2017-09-12 12:00:00,3,4,1
765,2017-09-12 18:00:00,6,6,0
765,2017-09-13 00:00:00,0,0,0
765,2017-09-13 06:00:00,5,2,-3
765,2017-09-13 12:00:00,8,6,-2
765,2017-09-13 18:00:00,9,5,-4
765,2017-09-14 00:00:00,0,0,0
765,2017-09-14 06:00:00,8,2,-6
765,2017-09-14 12:00:00,1,6,5
765,2017-09-14 18:00:00,4,4,0
765,2017-09-15 00:00:00,0,0,0
765,2017-09-15 06:00:00,9,3,-6
765,2017-09-15 12:00:00,8,7,-1
765,2017-09-15 18:00:00,3,8,5
765,2017-09-16 00:00:00,0,0,0
765,2017-09-16 06:00:00,4,6,2
765,2017-09-16 12:00:00,8,6,-2
765,2017-09-16 18:00:00,2,1,-1
765,2017-09-17 00:00:00,0,0,0
765,2017-09-17 06:00:00,3,7,4
765,2017-09-17 12:00:00,8,8,0
765,2017-09-17 18:00:00,4,3,-1
765,2017-09-18 00:00:00,0,0,0
765,2017-09-18 06:00:00,5,3,-2
765,2017-09-18 12:00:00,1,2,1
765,2017-09-18 18:00:00,2,9,7
765,2017-09-19 00:00:00,0,0,0
765,2017-09-19 06:00:00,3,2,-1
765,2017-09-19 12:00:00,3,6,3
765,2017-09-19 18:00:00,3,5,2
766,2017-08-01 00:00:00,0,2,2
766,2017-08-01 06:00:00,6,7,1
766,2017-08-01 12:00:00,5,5,0
766,2017-08-01 18:00:00,12,5,-7
766,2017-08-02 00:00:00,0,1,1
766,2017-08-02 06:00:00,3,6,3
766,2017-08-02 12:00:00,0,1,1
766,2017-08-02 18:00:00,5,5,0
766,2017-08-03 00:00:00,1,0,-1
766,2017-08-03 06:00:00,9,6,-3
766,2017-08-03 12:00:00,8,11,3
766,2017-08-03 18:00:00,10,9,-1
766,2017-08-04 00:00:00,0,1,1
766,2017-08-04 06:00:00,6,4,-2
766,2017-08-04 12:00:00,3,8,5
766,2017-08-04 18:00:00,6,6,0
766,2017-08-05 00:00:00,1,2,1
766,2017-08-05 06:00:00,8,8,0
766,2017-08-05 12:00:00,9,9,0
766,2017-08-05 18:00:00,11,7,-4
766,2017-08-06 00:00:00,0,1,1
766,2017-08-06 06:00:00,8,11,3
766,2017-08-06 12:00:00,18,18,0
766,2017-08-06 18:00:00,4,3,-1
766,2017-08-07 00:00:00,0,1,1
766,2017-08-07 06:00:00,7,5,-2
766,2017-08-07 12:00:00,8,10,2
766,2017-08-07 18:00:00,3,4,1
766,2017-08-08 00:00:00,0,0,0
766,2017-08-08 06:00:00,8,6,-2
766,2017-08-08 12:00:00,12,13,1
766,2017-08-08 18:00:00,5,6,1
766,2017-08-09 00:00:00,1,1,0
766,2017-08-09 06:00:00,5,3,-2
766,2017-08-09 12:00:00,0,3,3
766,2017-08-09 18:00:00,2,3,1
766,2017-08-10 00:00:00,0,1,1
766,2017-08-10 06:00:00,14,10,-4
766,2017-08-10 12:00:00,10,13,3
766,2017-08-10 18:00:00,9,7,-2
766,2017-08-11 00:00:00,1,2,1
766,2017-08-11 06:00:00,10,8,-2
766,2017-08-11 12:00:00,6,7,1
766,2017-08-11 18:00:00,7,4,-3
766,2017-08-12 00:00:00,1,4,3
766,2017-08-12 06:00:00,6,5,-1
766,2017-08-12 12:00:00,11,13,2
766,2017-08-12 18:00:00,5,4,-1
766,2017-08-13 00:00:00,1,0,-1
766,2017-08-13 06:00:00,7,9,2
766,2017-08-13 12:00:00,16,13,-3
766,2017-08-13 18:00:00,6,3,-3
766,2017-08-14 00:00:00,0,1,1
766,2017-08-14 06:00:00,8,7,-1
766,2017-08-14 12:00:00,12,16,4
766,2017-08-14 18:00:00,2,2,0
766,2017-08-15 00:00:00,0,0,0
766,2017-08-15 06:00:00,11,5,-6
766,2017-08-15 12:00:00,9,13,4
766,2017-08-15 18:00:00,11,11,0
766,2017-08-16 00:00:00,0,0,0
766,2017-08-16 06:00:00,7,8,1
766,2017-08-16 12:00:00,12,12,0
766,2017-08-16 18:00:00,12,11,-1
766,2017-08-17 00:00:00,1,0,-1
766,2017-08-17 06:00:00,2,2,0
766,2017-08-17 12:00:00,13,11,-2
766,2017-08-17 18:00:00,5,6,1
766,2017-08-18 00:00:00,0,0,0
766,2017-08-18 06:00:00,2,2,0
766,2017-08-18 12:00:00,7,6,-1
766,2017-08-18 18:00:00,3,5,2
766,2017-08-19 00:00:00,3,1,-2
766,2017-08-19 06:00:00,5,10,5
766,2017-08-19 12:00:00,9,10,1
766,2017-08-19 18:00:00,4,3,-1
766,2017-08-20 00:00:00,0,1,1
766,2017-08-20 06:00:00,6,4,-2
766,2017-08-20 12:00:00,23,15,-8
766,2017-08-20 18:00:00,2,4,2
766,2017-08-21 00:00:00,1,0,-1
766,2017-08-21 06:00:00,5,7,2
766,2017-08-21 12:00:00,11,15,4
766,2017-08-21 18:00:00,9,9,0
766,2017-08-22 00:00:00,0,1,1
766,2017-08-22 06:00:00,9,4,-5
766,2017-08-22 12:00:00,8,16,8
766,2017-08-22 18:00:00,10,8,-2
766,2017-08-23 00:00:00,0,2,2
766,2017-08-23 06:00:00,9,6,-3
766,2017-08-23 12:00:00,0,0,0
766,2017-08-23 18:00:00,0,0,0
766,2017-08-24 00:00:00,0,0,0
766,2017-08-24 06:00:00,0,0,0
766,2017-08-24 12:00:00,0,0,0
766,2017-08-24 18:00:00,0,0,0
766,2017-08-25 00:00:00,0,0,0
766,2017-08-25 06:00:00,0,0,0
766,2017-08-25 12:00:00,4,4,0
766,2017-08-25 18:00:00,4,5,1
766,2017-08-26 00:00:00,0,0,0
766,2017-08-26 06:00:00,10,7,-3
766,2017-08-26 12:00:00,19,12,-7
766,2017-08-26 18:00:00,12,12,0
766,2017-08-27 00:00:00,0,5,5
766,2017-08-27 06:00:00,8,6,-2
766,2017-08-27 12:00:00,12,21,9
766,2017-08-27 18:00:00,8,10,2
766,2017-08-28 00:00:00,0,1,1
766,2017-08-28 06:00:00,5,3,-2
766,2017-08-28 12:00:00,9,15,6
766,2017-08-28 18:00:00,2,5,3
766,2017-08-29 00:00:00,0,1,1
766,2017-08-29 06:00:00,5,5,0
766,2017-08-29 12:00:00,4,7,3
766,2017-08-29 18:00:00,5,5,0
766,2017-08-30 00:00:00,0,1,1
766,2017-08-30 06:00:00,7,3,-4
766,2017-08-30 12:00:00,5,8,3
766,2017-08-30 18:00:00,3,4,1
766,2017-08-31 00:00:00,0,0,0
766,2017-08-31 06:00:00,6,2,-4
766,2017-08-31 12:00:00,3,5,2
766,2017-08-31 18:00:00,7,5,-2
766,2017-09-01 00:00:00,2,2,0
766,2017-09-01 06:00:00,9,8,-1
766,2017-09-01 12:00:00,12,16,4
766,2017-09-01 18:00:00,4,3,-1
766,2017-09-02 00:00:00,0,1,1
766,2017-09-02 06:00:00,7,4,-3
766,2017-09-02 12:00:00,17,25,8
766,2017-09-02 18:00:00,11,7,-4
766,2017-09-03 00:00:00,10,0,-10
766,2017-09-03 06:00:00,7,8,1
766,2017-09-03 12:00:00,15,14,-1
766,2017-09-03 18:00:00,8,5,-3
766,2017-09-04 00:00:00,1,0,-1
766,2017-09-04 06:00:00,3,6,3
766,2017-09-04 12:00:00,8,10,2
766,2017-09-04 18:00:00,9,10,1
766,2017-09-05 00:00:00,0,1,1
766,2017-09-05 06:00:00,5,7,2
766,2017-09-05 12:00:00,7,8,1
766,2017-09-05 18:00:00,5,3,-2
766,2017-09-06 00:00:00,0,0,0
766,2017-09-06 06:00:00,8,11,3
766,2017-09-06 12:00:00,5,5,0
766,2017-09-06 18:00:00,11,9,-2
766,2017-09-07 00:00:00,2,0,-2
766,2017-09-07 06:00:00,5,7,2
766,2017-09-07 12:00:00,5,6,1
766,2017-09-07 18:00:00,9,8,-1
766,2017-09-08 00:00:00,0,1,1
766,2017-09-08 06:00:00,4,2,-2
766,2017-09-08 12:00:00,2,7,5
766,2017-09-08 18:00:00,4,4,0
766,2017-09-09 00:00:00,3,0,-3
766,2017-09-09 06:00:00,0,3,3
766,2017-09-09 12:00:00,6,6,0
766,2017-09-09 18:00:00,6,3,-3
766,2017-09-10 00:00:00,3,1,-2
766,2017-09-10 06:00:00,6,7,1
766,2017-09-10 12:00:00,10,11,1
766,2017-09-10 18:00:00,4,3,-1
766,2017-09-11 00:00:00,1,2,1
766,2017-09-11 06:00:00,7,2,-5
766,2017-09-11 12:00:00,6,7,1
766,2017-09-11 18:00:00,10,10,0
766,2017-09-12 00:00:00,1,2,1
766,2017-09-12 06:00:00,7,5,-2
766,2017-09-12 12:00:00,8,8,0
766,2017-09-12 18:00:00,5,4,-1
766,2017-09-13 00:00:00,0,0,0
766,2017-09-13 06:00:00,2,3,1
766,2017-09-13 12:00:00,4,6,2
766,2017-09-13 18:00:00,2,3,1
766,2017-09-14 00:00:00,0,0,0
766,2017-09-14 06:00:00,4,4,0
766,2017-09-14 12:00:00,4,4,0
766,2017-09-14 18:00:00,9,4,-5
766,2017-09-15 00:00:00,2,0,-2
766,2017-09-15 06:00:00,8,5,-3
766,2017-09-15 12:00:00,9,10,1
766,2017-09-15 18:00:00,7,7,0
766,2017-09-16 00:00:00,1,3,2
766,2017-09-16 06:00:00,7,3,-4
766,2017-09-16 12:00:00,14,13,-1
766,2017-09-16 18:00:00,4,2,-2
766,2017-09-17 00:00:00,0,0,0
766,2017-09-17 06:00:00,8,8,0
766,2017-09-17 12:00:00,8,6,-2
766,2017-09-17 18:00:00,7,9,2
766,2017-09-18 00:00:00,1,0,-1
766,2017-09-18 06:00:00,6,4,-2
766,2017-09-18 12:00:00,4,8,4
766,2017-09-18 18:00:00,4,4,0
766,2017-09-19 00:00:00,0,0,0
766,2017-09-19 06:00:00,7,4,-3
766,2017-09-19 12:00:00,4,6,2
766,2017-09-19 18:00:00,6,6,0
767,2017-08-01 00:00:00,0,0,0
767,2017-08-01 06:00:00,3,0,-3
767,2017-08-01 12:00:00,1,4,3
767,2017-08-01 18:00:00,2,14,12
767,2017-08-02 00:00:00,0,0,0
767,2017-08-02 06:00:00,9,1,-8
767,2017-08-02 12:00:00,0,1,1
767,2017-08-02 18:00:00,2,7,5
767,2017-08-03 00:00:00,0,4,4
767,2017-08-03 06:00:00,7,0,-7
767,2017-08-03 12:00:00,0,2,2
767,2017-08-03 18:00:00,3,4,1
767,2017-08-04 00:00:00,1,1,0
767,2017-08-04 06:00:00,6,0,-6
767,2017-08-04 12:00:00,0,3,3
767,2017-08-04 18:00:00,2,2,0
767,2017-08-05 00:00:00,0,0,0
767,2017-08-05 06:00:00,5,2,-3
767,2017-08-05 12:00:00,0,5,5
767,2017-08-05 18:00:00,3,1,-2
767,2017-08-06 00:00:00,0,1,1
767,2017-08-06 06:00:00,1,0,-1
767,2017-08-06 12:00:00,9,7,-2
767,2017-08-06 18:00:00,2,1,-1
767,2017-08-07 00:00:00,0,0,0
767,2017-08-07 06:00:00,8,1,-7
767,2017-08-07 12:00:00,2,1,-1
767,2017-08-07 18:00:00,1,3,2
767,2017-08-08 00:00:00,0,0,0
767,2017-08-08 06:00:00,3,0,-3
767,2017-08-08 12:00:00,0,0,0
767,2017-08-08 18:00:00,0,2,2
767,2017-08-09 00:00:00,0,0,0
767,2017-08-09 06:00:00,2,0,-2
767,2017-08-09 12:00:00,0,0,0
767,2017-08-09 18:00:00,0,1,1
767,2017-08-10 00:00:00,0,0,0
767,2017-08-10 06:00:00,7,0,-7
767,2017-08-10 12:00:00,0,1,1
767,2017-08-10 18:00:00,2,0,-2
767,2017-08-11 00:00:00,0,1,1
767,2017-08-11 06:00:00,1,0,-1
767,2017-08-11 12:00:00,0,0,0
767,2017-08-11 18:00:00,0,1,1
767,2017-08-12 00:00:00,0,2,2
767,2017-08-12 06:00:00,3,0,-3
767,2017-08-12 12:00:00,0,1,1
767,2017-08-12 18:00:00,0,1,1
767,2017-08-13 00:00:00,1,2,1
767,2017-08-13 06:00:00,4,1,-3
767,2017-08-13 12:00:00,1,6,5
767,2017-08-13 18:00:00,3,1,-2
767,2017-08-14 00:00:00,0,0,0
767,2017-08-14 06:00:00,7,0,-7
767,2017-08-14 12:00:00,0,1,1
767,2017-08-14 18:00:00,0,3,3
767,2017-08-15 00:00:00,0,1,1
767,2017-08-15 06:00:00,4,0,-4
767,2017-08-15 12:00:00,1,1,0
767,2017-08-15 18:00:00,3,7,4
767,2017-08-16 00:00:00,0,0,0
767,2017-08-16 06:00:00,5,1,-4
767,2017-08-16 12:00:00,1,1,0
767,2017-08-16 18:00:00,4,9,5
767,2017-08-17 00:00:00,0,0,0
767,2017-08-17 06:00:00,4,0,-4
767,2017-08-17 12:00:00,0,1,1
767,2017-08-17 18:00:00,0,9,9
767,2017-08-18 00:00:00,2,2,0
767,2017-08-18 06:00:00,6,3,-3
767,2017-08-18 12:00:00,2,6,4
767,2017-08-18 18:00:00,1,1,0
767,2017-08-19 00:00:00,0,0,0
767,2017-08-19 06:00:00,5,1,-4
767,2017-08-19 12:00:00,2,2,0
767,2017-08-19 18:00:00,1,3,2
767,2017-08-20 00:00:00,0,1,1
767,2017-08-20 06:00:00,6,0,-6
767,2017-08-20 12:00:00,5,2,-3
767,2017-08-20 18:00:00,0,0,0
767,2017-08-21 00:00:00,0,0,0
767,2017-08-21 06:00:00,0,0,0
767,2017-08-21 12:00:00,0,1,1
767,2017-08-21 18:00:00,0,2,2
767,2017-08-22 00:00:00,0,0,0
767,2017-08-22 06:00:00,3,0,-3
767,2017-08-22 12:00:00,2,2,0
767,2017-08-22 18:00:00,1,5,4
767,2017-08-23 00:00:00,0,0,0
767,2017-08-23 06:00:00,4,0,-4
767,2017-08-23 12:00:00,1,1,0
767,2017-08-23 18:00:00,1,10,9
767,2017-08-24 00:00:00,0,0,0
767,2017-08-24 06:00:00,3,0,-3
767,2017-08-24 12:00:00,2,5,3
767,2017-08-24 18:00:00,2,10,8
767,2017-08-25 00:00:00,0,0,0
767,2017-08-25 06:00:00,3,1,-2
767,2017-08-25 12:00:00,3,2,-1
767,2017-08-25 18:00:00,1,12,11
767,2017-08-26 00:00:00,0,0,0
767,2017-08-26 06:00:00,7,2,-5
767,2017-08-26 12:00:00,9,5,-4
767,2017-08-26 18:00:00,5,4,-1
767,2017-08-27 00:00:00,0,1,1
767,2017-08-27 06:00:00,0,0,0
767,2017-08-27 12:00:00,4,1,-3
767,2017-08-27 18:00:00,1,4,3
767,2017-08-28 00:00:00,0,0,0
767,2017-08-28 06:00:00,4,0,-4
767,2017-08-28 12:00:00,9,6,-3
767,2017-08-28 18:00:00,1,5,4
767,2017-08-29 00:00:00,1,2,1
767,2017-08-29 06:00:00,4,0,-4
767,2017-08-29 12:00:00,0,0,0
767,2017-08-29 18:00:00,2,9,7
767,2017-08-30 00:00:00,0,1,1
767,2017-08-30 06:00:00,3,0,-3
767,2017-08-30 12:00:00,0,0,0
767,2017-08-30 18:00:00,1,2,1
767,2017-08-31 00:00:00,0,0,0
767,2017-08-31 06:00:00,8,0,-8
767,2017-08-31 12:00:00,1,0,-1
767,2017-08-31 18:00:00,2,3,1
767,2017-09-01 00:00:00,0,0,0
767,2017-09-01 06:00:00,3,0,-3
767,2017-09-01 12:00:00,0,1,1
767,2017-09-01 18:00:00,1,9,8
767,2017-09-02 00:00:00,0,1,1
767,2017-09-02 06:00:00,3,1,-2
767,2017-09-02 12:00:00,8,6,-2
767,2017-09-02 18:00:00,0,1,1
767,2017-09-03 00:00:00,0,0,0
767,2017-09-03 06:00:00,0,0,0
767,2017-09-03 12:00:00,2,0,-2
767,2017-09-03 18:00:00,0,2,2
767,2017-09-04 00:00:00,0,0,0
767,2017-09-04 06:00:00,2,0,-2
767,2017-09-04 12:00:00,1,0,-1
767,2017-09-04 18:00:00,1,6,5
767,2017-09-05 00:00:00,0,0,0
767,2017-09-05 06:00:00,2,1,-1
767,2017-09-05 12:00:00,1,1,0
767,2017-09-05 18:00:00,0,6,6
767,2017-09-06 00:00:00,0,0,0
767,2017-09-06 06:00:00,7,1,-6
767,2017-09-06 12:00:00,0,0,0
767,2017-09-06 18:00:00,5,5,0
767,2017-09-07 00:00:00,0,0,0
767,2017-09-07 06:00:00,5,0,-5
767,2017-09-07 12:00:00,1,1,0
767,2017-09-07 18:00:00,0,0,0
767,2017-09-08 00:00:00,0,0,0
767,2017-09-08 06:00:00,4,1,-3
767,2017-09-08 12:00:00,1,1,0
767,2017-09-08 18:00:00,0,1,1
767,2017-09-09 00:00:00,0,1,1
767,2017-09-09 06:00:00,2,1,-1
767,2017-09-09 12:00:00,3,2,-1
767,2017-09-09 18:00:00,4,4,0
767,2017-09-10 00:00:00,0,3,3
767,2017-09-10 06:00:00,2,1,-1
767,2017-09-10 12:00:00,7,6,-1
767,2017-09-10 18:00:00,0,0,0
767,2017-09-11 00:00:00,0,0,0
767,2017-09-11 06:00:00,4,1,-3
767,2017-09-11 12:00:00,0,1,1
767,2017-09-11 18:00:00,2,0,-2
767,2017-09-12 00:00:00,0,0,0
767,2017-09-12 06:00:00,3,0,-3
767,2017-09-12 12:00:00,1,1,0
767,2017-09-12 18:00:00,0,1,1
767,2017-09-13 00:00:00,0,0,0
767,2017-09-13 06:00:00,1,0,-1
767,2017-09-13 12:00:00,0,2,2
767,2017-09-13 18:00:00,0,6,6
767,2017-09-14 00:00:00,0,0,0
767,2017-09-14 06:00:00,8,0,-8
767,2017-09-14 12:00:00,0,2,2
767,2017-09-14 18:00:00,0,3,3
767,2017-09-15 00:00:00,0,2,2
767,2017-09-15 06:00:00,6,0,-6
767,2017-09-15 12:00:00,3,2,-1
767,2017-09-15 18:00:00,1,3,2
767,2017-09-16 00:00:00,0,0,0
767,2017-09-16 06:00:00,2,0,-2
767,2017-09-16 12:00:00,3,3,0
767,2017-09-16 18:00:00,3,1,-2
767,2017-09-17 00:00:00,0,0,0
767,2017-09-17 06:00:00,1,0,-1
767,2017-09-17 12:00:00,0,4,4
767,2017-09-17 18:00:00,2,2,0
767,2017-09-18 00:00:00,0,0,0
767,2017-09-18 06:00:00,7,0,-7
767,2017-09-18 12:00:00,0,0,0
767,2017-09-18 18:00:00,0,1,1
767,2017-09-19 00:00:00,0,0,0
767,2017-09-19 06:00:00,3,0,-3
767,2017-09-19 12:00:00,1,1,0
767,2017-09-19 18:00:00,0,1,1
