Station ID,Time,Out,In,Delta
0,2017-08-01 00:00:00,12,10,-2
0,2017-08-01 02:00:00,8,3,-5
0,2017-08-01 04:00:00,9,7,-2
0,2017-08-01 06:00:00,187,176,-11
0,2017-08-01 08:00:00,427,476,49
0,2017-08-01 10:00:00,132,115,-17
0,2017-08-01 12:00:00,117,115,-2
0,2017-08-01 14:00:00,137,114,-23
0,2017-08-01 16:00:00,362,290,-72
0,2017-08-01 18:00:00,405,424,19
0,2017-08-01 20:00:00,120,148,28
0,2017-08-01 22:00:00,70,71,1
0,2017-08-02 00:00:00,28,22,-6
0,2017-08-02 02:00:00,7,4,-3
0,2017-08-02 04:00:00,6,9,3
0,2017-08-02 06:00:00,204,176,-28
0,2017-08-02 08:00:00,431,465,34
0,2017-08-02 10:00:00,111,131,20
0,2017-08-02 12:00:00,76,68,-8
0,2017-08-02 14:00:00,34,32,-2
0,2017-08-02 16:00:00,201,163,-38
0,2017-08-02 18:00:00,315,332,17
0,2017-08-02 20:00:00,111,110,-1
0,2017-08-02 22:00:00,82,58,-24
0,2017-08-03 00:00:00,24,18,-6
0,2017-08-03 02:00:00,6,8,2
0,2017-08-03 04:00:00,10,8,-2
0,2017-08-03 06:00:00,177,179,2
0,2017-08-03 08:00:00,427,418,-9
0,2017-08-03 10:00:00,104,103,-1
0,2017-08-03 12:00:00,121,110,-11
0,2017-08-03 14:00:00,115,103,-12
0,2017-08-03 16:00:00,298,275,-23
0,2017-08-03 18:00:00,349,383,34
0,2017-08-03 20:00:00,110,160,50
0,2017-08-03 22:00:00,87,74,-13
0,2017-08-04 00:00:00,49,31,-18
0,2017-08-04 02:00:00,10,7,-3
0,2017-08-04 04:00:00,9,10,1
0,2017-08-04 06:00:00,161,137,-24
0,2017-08-04 08:00:00,392,405,13
0,2017-08-04 10:00:00,121,125,4
0,2017-08-04 12:00:00,135,129,-6
0,2017-08-04 14:00:00,154,140,-14
0,2017-08-04 16:00:00,298,277,-21
0,2017-08-04 18:00:00,260,304,44
0,2017-08-04 20:00:00,98,152,54
0,2017-08-04 22:00:00,91,96,5
0,2017-08-05 00:00:00,80,44,-36
0,2017-08-05 02:00:00,76,29,-47
0,2017-08-05 04:00:00,8,9,1
0,2017-08-05 06:00:00,18,16,-2
0,2017-08-05 08:00:00,86,47,-39
0,2017-08-05 10:00:00,154,156,2
0,2017-08-05 12:00:00,130,125,-5
0,2017-08-05 14:00:00,191,176,-15
0,2017-08-05 16:00:00,191,158,-33
0,2017-08-05 18:00:00,186,186,0
0,2017-08-05 20:00:00,75,152,77
0,2017-08-05 22:00:00,83,102,19
0,2017-08-06 00:00:00,80,55,-25
0,2017-08-06 02:00:00,54,17,-37
0,2017-08-06 04:00:00,19,13,-6
0,2017-08-06 06:00:00,22,20,-2
0,2017-08-06 08:00:00,62,72,10
0,2017-08-06 10:00:00,181,210,29
0,2017-08-06 12:00:00,272,277,5
0,2017-08-06 14:00:00,280,262,-18
0,2017-08-06 16:00:00,264,231,-33
0,2017-08-06 18:00:00,165,186,21
0,2017-08-06 20:00:00,114,119,5
0,2017-08-06 22:00:00,61,61,0
0,2017-08-07 00:00:00,21,17,-4
0,2017-08-07 02:00:00,8,5,-3
0,2017-08-07 04:00:00,9,12,3
0,2017-08-07 06:00:00,160,149,-11
0,2017-08-07 08:00:00,391,393,2
0,2017-08-07 10:00:00,105,109,4
0,2017-08-07 12:00:00,92,87,-5
0,2017-08-07 14:00:00,116,104,-12
0,2017-08-07 16:00:00,343,247,-96
0,2017-08-07 18:00:00,307,386,79
0,2017-08-07 20:00:00,99,98,-1
0,2017-08-07 22:00:00,52,65,13
0,2017-08-08 00:00:00,14,9,-5
0,2017-08-08 02:00:00,5,5,0
0,2017-08-08 04:00:00,12,9,-3
0,2017-08-08 06:00:00,167,169,2
0,2017-08-08 08:00:00,435,444,9
0,2017-08-08 10:00:00,115,107,-8
0,2017-08-08 12:00:00,110,100,-10
0,2017-08-08 14:00:00,124,117,-7
0,2017-08-08 16:00:00,354,271,-83
0,2017-08-08 18:00:00,333,349,16
0,2017-08-08 20:00:00,116,122,6
0,2017-08-08 22:00:00,72,70,-2
0,2017-08-09 00:00:00,24,23,-1
0,2017-08-09 02:00:00,9,5,-4
0,2017-08-09 04:00:00,7,4,-3
0,2017-08-09 06:00:00,150,167,17
0,2017-08-09 08:00:00,218,220,2
0,2017-08-09 10:00:00,32,33,1
0,2017-08-09 12:00:00,37,24,-13
0,2017-08-09 14:00:00,25,30,5
0,2017-08-09 16:00:00,81,54,-27
0,2017-08-09 18:00:00,77,107,30
0,2017-08-09 20:00:00,27,32,5
0,2017-08-09 22:00:00,37,18,-19
0,2017-08-10 00:00:00,23,18,-5
0,2017-08-10 02:00:00,6,3,-3
0,2017-08-10 04:00:00,6,6,0
0,2017-08-10 06:00:00,162,165,3
0,2017-08-10 08:00:00,443,419,-24
0,2017-08-10 10:00:00,127,112,-15
0,2017-08-10 12:00:00,118,141,23
0,2017-08-10 14:00:00,149,113,-36
0,2017-08-10 16:00:00,311,246,-65
0,2017-08-10 18:00:00,364,393,29
0,2017-08-10 20:00:00,155,157,2
0,2017-08-10 22:00:00,72,93,21
0,2017-08-11 00:00:00,35,15,-20
0,2017-08-11 02:00:00,18,8,-10
0,2017-08-11 04:00:00,9,7,-2
0,2017-08-11 06:00:00,151,149,-2
0,2017-08-11 08:00:00,423,393,-30
0,2017-08-11 10:00:00,148,143,-5
0,2017-08-11 12:00:00,149,134,-15
0,2017-08-11 14:00:00,169,147,-22
0,2017-08-11 16:00:00,341,263,-78
0,2017-08-11 18:00:00,256,294,38
0,2017-08-11 20:00:00,95,128,33
0,2017-08-11 22:00:00,81,93,12
0,2017-08-12 00:00:00,61,37,-24
0,2017-08-12 02:00:00,49,21,-28
0,2017-08-12 04:00:00,15,7,-8
0,2017-08-12 06:00:00,20,15,-5
0,2017-08-12 08:00:00,82,63,-19
0,2017-08-12 10:00:00,154,153,-1
0,2017-08-12 12:00:00,237,227,-10
0,2017-08-12 14:00:00,223,223,0
0,2017-08-12 16:00:00,197,216,19
0,2017-08-12 18:00:00,176,179,3
0,2017-08-12 20:00:00,108,119,11
0,2017-08-12 22:00:00,79,76,-3
0,2017-08-13 00:00:00,64,55,-9
0,2017-08-13 02:00:00,60,29,-31
0,2017-08-13 04:00:00,16,15,-1
0,2017-08-13 06:00:00,19,11,-8
0,2017-08-13 08:00:00,60,78,18
0,2017-08-13 10:00:00,169,195,26
0,2017-08-13 12:00:00,307,271,-36
0,2017-08-13 14:00:00,293,276,-17
0,2017-08-13 16:00:00,242,234,-8
0,2017-08-13 18:00:00,164,209,45
0,2017-08-13 20:00:00,107,126,19
0,2017-08-13 22:00:00,67,53,-14
0,2017-08-14 00:00:00,25,19,-6
0,2017-08-14 02:00:00,4,2,-2
0,2017-08-14 04:00:00,8,2,-6
0,2017-08-14 06:00:00,144,147,3
0,2017-08-14 08:00:00,438,407,-31
0,2017-08-14 10:00:00,105,116,11
0,2017-08-14 12:00:00,159,115,-44
0,2017-08-14 14:00:00,124,90,-34
0,2017-08-14 16:00:00,321,245,-76
0,2017-08-14 18:00:00,318,358,40
0,2017-08-14 20:00:00,121,139,18
0,2017-08-14 22:00:00,51,46,-5
0,2017-08-15 00:00:00,26,10,-16
0,2017-08-15 02:00:00,9,3,-6
0,2017-08-15 04:00:00,12,8,-4
0,2017-08-15 06:00:00,190,166,-24
0,2017-08-15 08:00:00,444,434,-10
0,2017-08-15 10:00:00,113,102,-11
0,2017-08-15 12:00:00,139,125,-14
0,2017-08-15 14:00:00,131,106,-25
0,2017-08-15 16:00:00,349,254,-95
0,2017-08-15 18:00:00,369,403,34
0,2017-08-15 20:00:00,130,146,16
0,2017-08-15 22:00:00,77,75,-2
0,2017-08-16 00:00:00,22,21,-1
0,2017-08-16 02:00:00,9,3,-6
0,2017-08-16 04:00:00,10,6,-4
0,2017-08-16 06:00:00,189,183,-6
0,2017-08-16 08:00:00,449,419,-30
0,2017-08-16 10:00:00,121,116,-5
0,2017-08-16 12:00:00,119,95,-24
0,2017-08-16 14:00:00,130,103,-27
0,2017-08-16 16:00:00,329,282,-47
0,2017-08-16 18:00:00,357,436,79
0,2017-08-16 20:00:00,131,130,-1
0,2017-08-16 22:00:00,61,69,8
0,2017-08-17 00:00:00,16,25,9
0,2017-08-17 02:00:00,5,3,-2
0,2017-08-17 04:00:00,8,3,-5
0,2017-08-17 06:00:00,123,127,4
0,2017-08-17 08:00:00,385,357,-28
0,2017-08-17 10:00:00,104,87,-17
0,2017-08-17 12:00:00,116,105,-11
0,2017-08-17 14:00:00,116,105,-11
0,2017-08-17 16:00:00,278,258,-20
0,2017-08-17 18:00:00,314,370,56
0,2017-08-17 20:00:00,113,116,3
0,2017-08-17 22:00:00,79,60,-19
0,2017-08-18 00:00:00,30,15,-15
0,2017-08-18 02:00:00,13,5,-8
0,2017-08-18 04:00:00,6,6,0
0,2017-08-18 06:00:00,140,123,-17
0,2017-08-18 08:00:00,415,380,-35
0,2017-08-18 10:00:00,86,116,30
0,2017-08-18 12:00:00,144,123,-21
0,2017-08-18 14:00:00,102,77,-25
0,2017-08-18 16:00:00,228,198,-30
0,2017-08-18 18:00:00,239,295,56
0,2017-08-18 20:00:00,90,108,18
0,2017-08-18 22:00:00,71,70,-1
0,2017-08-19 00:00:00,77,43,-34
0,2017-08-19 02:00:00,41,17,-24
0,2017-08-19 04:00:00,18,8,-10
0,2017-08-19 06:00:00,20,16,-4
0,2017-08-19 08:00:00,55,61,6
0,2017-08-19 10:00:00,162,144,-18
0,2017-08-19 12:00:00,201,202,1
0,2017-08-19 14:00:00,205,179,-26
0,2017-08-19 16:00:00,195,188,-7
0,2017-08-19 18:00:00,150,162,12
0,2017-08-19 20:00:00,73,113,40
0,2017-08-19 22:00:00,79,67,-12
0,2017-08-20 00:00:00,63,42,-21
0,2017-08-20 02:00:00,33,12,-21
0,2017-08-20 04:00:00,14,7,-7
0,2017-08-20 06:00:00,10,14,4
0,2017-08-20 08:00:00,53,61,8
0,2017-08-20 10:00:00,171,165,-6
0,2017-08-20 12:00:00,221,277,56
0,2017-08-20 14:00:00,281,234,-47
0,2017-08-20 16:00:00,189,179,-10
0,2017-08-20 18:00:00,116,105,-11
0,2017-08-20 20:00:00,34,50,16
0,2017-08-20 22:00:00,17,22,5
0,2017-08-21 00:00:00,12,11,-1
0,2017-08-21 02:00:00,2,3,1
0,2017-08-21 04:00:00,5,4,-1
0,2017-08-21 06:00:00,117,86,-31
0,2017-08-21 08:00:00,331,304,-27
0,2017-08-21 10:00:00,78,70,-8
0,2017-08-21 12:00:00,84,73,-11
0,2017-08-21 14:00:00,103,85,-18
0,2017-08-21 16:00:00,297,209,-88
0,2017-08-21 18:00:00,267,336,69
0,2017-08-21 20:00:00,67,95,28
0,2017-08-21 22:00:00,41,45,4
0,2017-08-22 00:00:00,15,11,-4
0,2017-08-22 02:00:00,6,4,-2
0,2017-08-22 04:00:00,4,6,2
0,2017-08-22 06:00:00,174,154,-20
0,2017-08-22 08:00:00,425,392,-33
0,2017-08-22 10:00:00,103,105,2
0,2017-08-22 12:00:00,132,126,-6
0,2017-08-22 14:00:00,116,101,-15
0,2017-08-22 16:00:00,319,237,-82
0,2017-08-22 18:00:00,333,392,59
0,2017-08-22 20:00:00,83,93,10
0,2017-08-22 22:00:00,48,45,-3
0,2017-08-23 00:00:00,17,17,0
0,2017-08-23 02:00:00,13,2,-11
0,2017-08-23 04:00:00,15,7,-8
0,2017-08-23 06:00:00,179,157,-22
0,2017-08-23 08:00:00,441,444,3
0,2017-08-23 10:00:00,108,112,4
0,2017-08-23 12:00:00,130,156,26
0,2017-08-23 14:00:00,140,101,-39
0,2017-08-23 16:00:00,315,277,-38
0,2017-08-23 18:00:00,363,352,-11
0,2017-08-23 20:00:00,128,158,30
0,2017-08-23 22:00:00,61,54,-7
0,2017-08-24 00:00:00,22,14,-8
0,2017-08-24 02:00:00,4,4,0
0,2017-08-24 04:00:00,11,6,-5
0,2017-08-24 06:00:00,168,148,-20
0,2017-08-24 08:00:00,415,386,-29
0,2017-08-24 10:00:00,121,113,-8
0,2017-08-24 12:00:00,130,125,-5
0,2017-08-24 14:00:00,132,108,-24
0,2017-08-24 16:00:00,266,236,-30
0,2017-08-24 18:00:00,313,327,14
0,2017-08-24 20:00:00,130,133,3
0,2017-08-24 22:00:00,77,89,12
0,2017-08-25 00:00:00,42,31,-11
0,2017-08-25 02:00:00,11,16,5
0,2017-08-25 04:00:00,9,6,-3
0,2017-08-25 06:00:00,144,119,-25
0,2017-08-25 08:00:00,342,302,-40
0,2017-08-25 10:00:00,105,103,-2
0,2017-08-25 12:00:00,164,132,-32
0,2017-08-25 14:00:00,155,152,-3
0,2017-08-25 16:00:00,279,286,7
0,2017-08-25 18:00:00,269,282,13
0,2017-08-25 20:00:00,104,150,46
0,2017-08-25 22:00:00,104,104,0
0,2017-08-26 00:00:00,85,59,-26
0,2017-08-26 02:00:00,46,35,-11
0,2017-08-26 04:00:00,24,12,-12
0,2017-08-26 06:00:00,28,20,-8
0,2017-08-26 08:00:00,80,56,-24
0,2017-08-26 10:00:00,138,141,3
0,2017-08-26 12:00:00,191,220,29
0,2017-08-26 14:00:00,212,220,8
0,2017-08-26 16:00:00,229,210,-19
0,2017-08-26 18:00:00,154,177,23
0,2017-08-26 20:00:00,79,93,14
0,2017-08-26 22:00:00,66,87,21
0,2017-08-27 00:00:00,68,46,-22
0,2017-08-27 02:00:00,41,28,-13
0,2017-08-27 04:00:00,24,16,-8
0,2017-08-27 06:00:00,26,32,6
0,2017-08-27 08:00:00,57,69,12
0,2017-08-27 10:00:00,153,150,-3
0,2017-08-27 12:00:00,193,208,15
0,2017-08-27 14:00:00,245,188,-57
0,2017-08-27 16:00:00,185,177,-8
0,2017-08-27 18:00:00,157,160,3
0,2017-08-27 20:00:00,105,163,58
0,2017-08-27 22:00:00,92,81,-11
0,2017-08-28 00:00:00,50,44,-6
0,2017-08-28 02:00:00,38,20,-18
0,2017-08-28 04:00:00,10,16,6
0,2017-08-28 06:00:00,18,35,17
0,2017-08-28 08:00:00,72,67,-5
0,2017-08-28 10:00:00,135,130,-5
0,2017-08-28 12:00:00,241,163,-78
0,2017-08-28 14:00:00,245,154,-91
0,2017-08-28 16:00:00,146,185,39
0,2017-08-28 18:00:00,162,194,32
0,2017-08-28 20:00:00,95,132,37
0,2017-08-28 22:00:00,44,57,13
0,2017-08-29 00:00:00,15,14,-1
0,2017-08-29 02:00:00,19,15,-4
0,2017-08-29 04:00:00,10,10,0
0,2017-08-29 06:00:00,161,136,-25
0,2017-08-29 08:00:00,400,399,-1
0,2017-08-29 10:00:00,110,108,-2
0,2017-08-29 12:00:00,142,122,-20
0,2017-08-29 14:00:00,130,132,2
0,2017-08-29 16:00:00,372,242,-130
0,2017-08-29 18:00:00,326,391,65
0,2017-08-29 20:00:00,109,119,10
0,2017-08-29 22:00:00,57,53,-4
0,2017-08-30 00:00:00,19,12,-7
0,2017-08-30 02:00:00,4,2,-2
0,2017-08-30 04:00:00,9,6,-3
0,2017-08-30 06:00:00,160,144,-16
0,2017-08-30 08:00:00,410,449,39
0,2017-08-30 10:00:00,76,84,8
0,2017-08-30 12:00:00,31,34,3
0,2017-08-30 14:00:00,27,18,-9
0,2017-08-30 16:00:00,179,140,-39
0,2017-08-30 18:00:00,263,276,13
0,2017-08-30 20:00:00,91,107,16
0,2017-08-30 22:00:00,71,41,-30
0,2017-08-31 00:00:00,22,13,-9
0,2017-08-31 02:00:00,8,2,-6
0,2017-08-31 04:00:00,5,6,1
0,2017-08-31 06:00:00,185,161,-24
0,2017-08-31 08:00:00,418,451,33
0,2017-08-31 10:00:00,110,103,-7
0,2017-08-31 12:00:00,121,125,4
0,2017-08-31 14:00:00,147,109,-38
0,2017-08-31 16:00:00,346,275,-71
0,2017-08-31 18:00:00,378,384,6
0,2017-08-31 20:00:00,130,130,0
0,2017-08-31 22:00:00,75,82,7
0,2017-09-01 00:00:00,45,19,-26
0,2017-09-01 02:00:00,19,16,-3
0,2017-09-01 04:00:00,7,6,-1
0,2017-09-01 06:00:00,145,146,1
0,2017-09-01 08:00:00,412,424,12
0,2017-09-01 10:00:00,122,115,-7
0,2017-09-01 12:00:00,147,148,1
0,2017-09-01 14:00:00,140,120,-20
0,2017-09-01 16:00:00,316,275,-41
0,2017-09-01 18:00:00,284,315,31
0,2017-09-01 20:00:00,87,125,38
0,2017-09-01 22:00:00,86,84,-2
0,2017-09-02 00:00:00,77,36,-41
0,2017-09-02 02:00:00,38,31,-7
0,2017-09-02 04:00:00,12,5,-7
0,2017-09-02 06:00:00,21,18,-3
0,2017-09-02 08:00:00,119,61,-58
0,2017-09-02 10:00:00,150,159,9
0,2017-09-02 12:00:00,274,241,-33
0,2017-09-02 14:00:00,277,250,-27
0,2017-09-02 16:00:00,243,271,28
0,2017-09-02 18:00:00,199,247,48
0,2017-09-02 20:00:00,90,106,16
0,2017-09-02 22:00:00,69,76,7
0,2017-09-03 00:00:00,69,49,-20
0,2017-09-03 02:00:00,59,17,-42
0,2017-09-03 04:00:00,15,8,-7
0,2017-09-03 06:00:00,19,9,-10
0,2017-09-03 08:00:00,61,81,20
0,2017-09-03 10:00:00,126,139,13
0,2017-09-03 12:00:00,189,227,38
0,2017-09-03 14:00:00,199,182,-17
0,2017-09-03 16:00:00,130,130,0
0,2017-09-03 18:00:00,79,88,9
0,2017-09-03 20:00:00,37,46,9
0,2017-09-03 22:00:00,24,22,-2
0,2017-09-04 00:00:00,9,2,-7
0,2017-09-04 02:00:00,2,0,-2
0,2017-09-04 04:00:00,6,4,-2
0,2017-09-04 06:00:00,102,111,9
0,2017-09-04 08:00:00,327,324,-3
0,2017-09-04 10:00:00,36,63,27
0,2017-09-04 12:00:00,74,88,14
0,2017-09-04 14:00:00,104,92,-12
0,2017-09-04 16:00:00,350,203,-147
0,2017-09-04 18:00:00,293,307,14
0,2017-09-04 20:00:00,89,91,2
0,2017-09-04 22:00:00,36,43,7
0,2017-09-05 00:00:00,9,10,1
0,2017-09-05 02:00:00,5,4,-1
0,2017-09-05 04:00:00,8,6,-2
0,2017-09-05 06:00:00,170,153,-17
0,2017-09-05 08:00:00,408,458,50
0,2017-09-05 10:00:00,79,121,42
0,2017-09-05 12:00:00,100,119,19
0,2017-09-05 14:00:00,111,96,-15
0,2017-09-05 16:00:00,289,199,-90
0,2017-09-05 18:00:00,327,324,-3
0,2017-09-05 20:00:00,98,96,-2
0,2017-09-05 22:00:00,46,41,-5
0,2017-09-06 00:00:00,19,18,-1
0,2017-09-06 02:00:00,5,7,2
0,2017-09-06 04:00:00,9,12,3
0,2017-09-06 06:00:00,207,177,-30
0,2017-09-06 08:00:00,462,474,12
0,2017-09-06 10:00:00,101,105,4
0,2017-09-06 12:00:00,117,137,20
0,2017-09-06 14:00:00,136,117,-19
0,2017-09-06 16:00:00,368,239,-129
0,2017-09-06 18:00:00,368,402,34
0,2017-09-06 20:00:00,119,135,16
0,2017-09-06 22:00:00,72,70,-2
0,2017-09-07 00:00:00,16,20,4
0,2017-09-07 02:00:00,4,7,3
0,2017-09-07 04:00:00,16,7,-9
0,2017-09-07 06:00:00,176,174,-2
0,2017-09-07 08:00:00,484,464,-20
0,2017-09-07 10:00:00,115,123,8
0,2017-09-07 12:00:00,127,108,-19
0,2017-09-07 14:00:00,122,112,-10
0,2017-09-07 16:00:00,339,265,-74
0,2017-09-07 18:00:00,340,332,-8
0,2017-09-07 20:00:00,119,138,19
0,2017-09-07 22:00:00,50,47,-3
0,2017-09-08 00:00:00,36,20,-16
0,2017-09-08 02:00:00,9,8,-1
0,2017-09-08 04:00:00,9,7,-2
0,2017-09-08 06:00:00,78,91,13
0,2017-09-08 08:00:00,232,219,-13
0,2017-09-08 10:00:00,74,96,22
0,2017-09-08 12:00:00,33,40,7
0,2017-09-08 14:00:00,102,84,-18
0,2017-09-08 16:00:00,290,224,-66
0,2017-09-08 18:00:00,211,226,15
0,2017-09-08 20:00:00,76,124,48
0,2017-09-08 22:00:00,68,67,-1
0,2017-09-09 00:00:00,45,35,-10
0,2017-09-09 02:00:00,43,16,-27
0,2017-09-09 04:00:00,12,6,-6
0,2017-09-09 06:00:00,20,16,-4
0,2017-09-09 08:00:00,81,61,-20
0,2017-09-09 10:00:00,162,161,-1
0,2017-09-09 12:00:00,205,196,-9
0,2017-09-09 14:00:00,196,189,-7
0,2017-09-09 16:00:00,193,164,-29
0,2017-09-09 18:00:00,163,176,13
0,2017-09-09 20:00:00,58,109,51
0,2017-09-09 22:00:00,58,65,7
0,2017-09-10 00:00:00,66,37,-29
0,2017-09-10 02:00:00,33,25,-8
0,2017-09-10 04:00:00,16,14,-2
0,2017-09-10 06:00:00,8,10,2
0,2017-09-10 08:00:00,63,66,3
0,2017-09-10 10:00:00,126,175,49
0,2017-09-10 12:00:00,229,199,-30
0,2017-09-10 14:00:00,210,181,-29
0,2017-09-10 16:00:00,142,118,-24
0,2017-09-10 18:00:00,52,67,15
0,2017-09-10 20:00:00,38,39,1
0,2017-09-10 22:00:00,28,34,6
0,2017-09-11 00:00:00,16,10,-6
0,2017-09-11 02:00:00,13,1,-12
0,2017-09-11 04:00:00,9,3,-6
0,2017-09-11 06:00:00,130,141,11
0,2017-09-11 08:00:00,371,374,3
0,2017-09-11 10:00:00,82,91,9
0,2017-09-11 12:00:00,98,92,-6
0,2017-09-11 14:00:00,81,79,-2
0,2017-09-11 16:00:00,253,186,-67
0,2017-09-11 18:00:00,322,296,-26
0,2017-09-11 20:00:00,42,69,27
0,2017-09-11 22:00:00,33,28,-5
0,2017-09-12 00:00:00,15,14,-1
0,2017-09-12 02:00:00,2,3,1
0,2017-09-12 04:00:00,5,3,-2
0,2017-09-12 06:00:00,181,171,-10
0,2017-09-12 08:00:00,465,481,16
0,2017-09-12 10:00:00,88,71,-17
0,2017-09-12 12:00:00,121,124,3
0,2017-09-12 14:00:00,106,105,-1
0,2017-09-12 16:00:00,330,241,-89
0,2017-09-12 18:00:00,381,360,-21
0,2017-09-12 20:00:00,40,64,24
0,2017-09-12 22:00:00,10,5,-5
0,2017-09-13 00:00:00,7,8,1
0,2017-09-13 02:00:00,6,3,-3
0,2017-09-13 04:00:00,7,5,-2
0,2017-09-13 06:00:00,173,163,-10
0,2017-09-13 08:00:00,443,489,46
0,2017-09-13 10:00:00,103,109,6
0,2017-09-13 12:00:00,118,120,2
0,2017-09-13 14:00:00,90,76,-14
0,2017-09-13 16:00:00,337,226,-111
0,2017-09-13 18:00:00,357,345,-12
0,2017-09-13 20:00:00,94,121,27
0,2017-09-13 22:00:00,59,38,-21
0,2017-09-14 00:00:00,22,16,-6
0,2017-09-14 02:00:00,10,5,-5
0,2017-09-14 04:00:00,10,6,-4
0,2017-09-14 06:00:00,168,162,-6
0,2017-09-14 08:00:00,410,473,63
0,2017-09-14 10:00:00,116,113,-3
0,2017-09-14 12:00:00,133,119,-14
0,2017-09-14 14:00:00,106,121,15
0,2017-09-14 16:00:00,339,211,-128
0,2017-09-14 18:00:00,290,340,50
0,2017-09-14 20:00:00,117,127,10
0,2017-09-14 22:00:00,69,58,-11
0,2017-09-15 00:00:00,40,21,-19
0,2017-09-15 02:00:00,10,6,-4
0,2017-09-15 04:00:00,10,3,-7
0,2017-09-15 06:00:00,152,137,-15
0,2017-09-15 08:00:00,429,419,-10
0,2017-09-15 10:00:00,102,122,20
0,2017-09-15 12:00:00,164,124,-40
0,2017-09-15 14:00:00,150,117,-33
0,2017-09-15 16:00:00,270,227,-43
0,2017-09-15 18:00:00,202,222,20
0,2017-09-15 20:00:00,68,104,36
0,2017-09-15 22:00:00,54,68,14
0,2017-09-16 00:00:00,58,50,-8
0,2017-09-16 02:00:00,33,8,-25
0,2017-09-16 04:00:00,15,4,-11
0,2017-09-16 06:00:00,21,15,-6
0,2017-09-16 08:00:00,63,64,1
0,2017-09-16 10:00:00,162,150,-12
0,2017-09-16 12:00:00,215,193,-22
0,2017-09-16 14:00:00,235,202,-33
0,2017-09-16 16:00:00,201,207,6
0,2017-09-16 18:00:00,152,193,41
0,2017-09-16 20:00:00,55,89,34
0,2017-09-16 22:00:00,67,60,-7
0,2017-09-17 00:00:00,61,39,-22
0,2017-09-17 02:00:00,40,17,-23
0,2017-09-17 04:00:00,20,13,-7
0,2017-09-17 06:00:00,14,10,-4
0,2017-09-17 08:00:00,37,42,5
0,2017-09-17 10:00:00,126,175,49
0,2017-09-17 12:00:00,213,216,3
0,2017-09-17 14:00:00,220,200,-20
0,2017-09-17 16:00:00,215,173,-42
0,2017-09-17 18:00:00,130,140,10
0,2017-09-17 20:00:00,39,84,45
0,2017-09-17 22:00:00,36,31,-5
0,2017-09-18 00:00:00,27,9,-18
0,2017-09-18 02:00:00,3,2,-1
0,2017-09-18 04:00:00,7,6,-1
0,2017-09-18 06:00:00,121,159,38
0,2017-09-18 08:00:00,412,450,38
0,2017-09-18 10:00:00,69,96,27
0,2017-09-18 12:00:00,90,88,-2
0,2017-09-18 14:00:00,75,86,11
0,2017-09-18 16:00:00,321,233,-88
0,2017-09-18 18:00:00,315,366,51
0,2017-09-18 20:00:00,94,99,5
0,2017-09-18 22:00:00,28,28,0
0,2017-09-19 00:00:00,11,3,-8
0,2017-09-19 02:00:00,9,5,-4
0,2017-09-19 04:00:00,7,10,3
0,2017-09-19 06:00:00,181,183,2
0,2017-09-19 08:00:00,467,456,-11
0,2017-09-19 10:00:00,96,107,11
0,2017-09-19 12:00:00,134,122,-12
0,2017-09-19 14:00:00,121,99,-22
0,2017-09-19 16:00:00,316,235,-81
0,2017-09-19 18:00:00,360,408,48
0,2017-09-19 20:00:00,87,129,42
0,2017-09-19 22:00:00,45,47,2
1,2017-08-01 00:00:00,8,7,-1
1,2017-08-01 02:00:00,7,0,-7
1,2017-08-01 04:00:00,13,4,-9
1,2017-08-01 06:00:00,186,39,-147
1,2017-08-01 08:00:00,388,144,-244
1,2017-08-01 10:00:00,96,41,-55
1,2017-08-01 12:00:00,64,73,9
1,2017-08-01 14:00:00,77,95,18
1,2017-08-01 16:00:00,167,253,86
1,2017-08-01 18:00:00,188,295,107
1,2017-08-01 20:00:00,71,124,53
1,2017-08-01 22:00:00,24,57,33
1,2017-08-02 00:00:00,8,7,-1
1,2017-08-02 02:00:00,7,2,-5
1,2017-08-02 04:00:00,9,9,0
1,2017-08-02 06:00:00,198,42,-156
1,2017-08-02 08:00:00,362,134,-228
1,2017-08-02 10:00:00,81,46,-35
1,2017-08-02 12:00:00,41,29,-12
1,2017-08-02 14:00:00,8,14,6
1,2017-08-02 16:00:00,69,86,17
1,2017-08-02 18:00:00,102,185,83
1,2017-08-02 20:00:00,32,72,40
1,2017-08-02 22:00:00,18,34,16
1,2017-08-03 00:00:00,2,12,10
1,2017-08-03 02:00:00,2,2,0
1,2017-08-03 04:00:00,11,4,-7
1,2017-08-03 06:00:00,153,38,-115
1,2017-08-03 08:00:00,313,131,-182
1,2017-08-03 10:00:00,59,34,-25
1,2017-08-03 12:00:00,53,59,6
1,2017-08-03 14:00:00,68,101,33
1,2017-08-03 16:00:00,153,250,97
1,2017-08-03 18:00:00,163,262,99
1,2017-08-03 20:00:00,105,93,-12
1,2017-08-03 22:00:00,38,52,14
1,2017-08-04 00:00:00,9,18,9
1,2017-08-04 02:00:00,3,3,0
1,2017-08-04 04:00:00,9,3,-6
1,2017-08-04 06:00:00,137,39,-98
1,2017-08-04 08:00:00,277,105,-172
1,2017-08-04 10:00:00,100,46,-54
1,2017-08-04 12:00:00,97,80,-17
1,2017-08-04 14:00:00,94,123,29
1,2017-08-04 16:00:00,173,227,54
1,2017-08-04 18:00:00,139,167,28
1,2017-08-04 20:00:00,72,67,-5
1,2017-08-04 22:00:00,22,47,25
1,2017-08-05 00:00:00,11,25,14
1,2017-08-05 02:00:00,6,19,13
1,2017-08-05 04:00:00,5,6,1
1,2017-08-05 06:00:00,17,9,-8
1,2017-08-05 08:00:00,83,40,-43
1,2017-08-05 10:00:00,119,55,-64
1,2017-08-05 12:00:00,94,62,-32
1,2017-08-05 14:00:00,121,120,-1
1,2017-08-05 16:00:00,137,141,4
1,2017-08-05 18:00:00,129,150,21
1,2017-08-05 20:00:00,67,115,48
1,2017-08-05 22:00:00,40,66,26
1,2017-08-06 00:00:00,19,29,10
1,2017-08-06 02:00:00,7,14,7
1,2017-08-06 04:00:00,1,8,7
1,2017-08-06 06:00:00,12,5,-7
1,2017-08-06 08:00:00,58,30,-28
1,2017-08-06 10:00:00,152,67,-85
1,2017-08-06 12:00:00,143,103,-40
1,2017-08-06 14:00:00,170,131,-39
1,2017-08-06 16:00:00,146,166,20
1,2017-08-06 18:00:00,120,140,20
1,2017-08-06 20:00:00,45,91,46
1,2017-08-06 22:00:00,38,27,-11
1,2017-08-07 00:00:00,8,11,3
1,2017-08-07 02:00:00,2,4,2
1,2017-08-07 04:00:00,15,5,-10
1,2017-08-07 06:00:00,147,34,-113
1,2017-08-07 08:00:00,284,102,-182
1,2017-08-07 10:00:00,79,33,-46
1,2017-08-07 12:00:00,74,59,-15
1,2017-08-07 14:00:00,64,77,13
1,2017-08-07 16:00:00,173,221,48
1,2017-08-07 18:00:00,113,212,99
1,2017-08-07 20:00:00,36,52,16
1,2017-08-07 22:00:00,11,32,21
1,2017-08-08 00:00:00,7,7,0
1,2017-08-08 02:00:00,1,2,1
1,2017-08-08 04:00:00,11,2,-9
1,2017-08-08 06:00:00,174,46,-128
1,2017-08-08 08:00:00,309,125,-184
1,2017-08-08 10:00:00,97,47,-50
1,2017-08-08 12:00:00,66,51,-15
1,2017-08-08 14:00:00,66,83,17
1,2017-08-08 16:00:00,141,219,78
1,2017-08-08 18:00:00,174,238,64
1,2017-08-08 20:00:00,43,75,32
1,2017-08-08 22:00:00,29,41,12
1,2017-08-09 00:00:00,3,11,8
1,2017-08-09 02:00:00,3,1,-2
1,2017-08-09 04:00:00,12,1,-11
1,2017-08-09 06:00:00,118,27,-91
1,2017-08-09 08:00:00,141,54,-87
1,2017-08-09 10:00:00,11,5,-6
1,2017-08-09 12:00:00,21,7,-14
1,2017-08-09 14:00:00,3,10,7
1,2017-08-09 16:00:00,17,44,27
1,2017-08-09 18:00:00,11,39,28
1,2017-08-09 20:00:00,5,11,6
1,2017-08-09 22:00:00,9,12,3
1,2017-08-10 00:00:00,2,8,6
1,2017-08-10 02:00:00,1,0,-1
1,2017-08-10 04:00:00,9,5,-4
1,2017-08-10 06:00:00,158,47,-111
1,2017-08-10 08:00:00,265,111,-154
1,2017-08-10 10:00:00,83,48,-35
1,2017-08-10 12:00:00,76,73,-3
1,2017-08-10 14:00:00,71,74,3
1,2017-08-10 16:00:00,163,251,88
1,2017-08-10 18:00:00,181,274,93
1,2017-08-10 20:00:00,111,123,12
1,2017-08-10 22:00:00,57,48,-9
1,2017-08-11 00:00:00,17,14,-3
1,2017-08-11 02:00:00,6,8,2
1,2017-08-11 04:00:00,6,6,0
1,2017-08-11 06:00:00,127,27,-100
1,2017-08-11 08:00:00,275,115,-160
1,2017-08-11 10:00:00,79,49,-30
1,2017-08-11 12:00:00,95,65,-30
1,2017-08-11 14:00:00,88,105,17
1,2017-08-11 16:00:00,157,184,27
1,2017-08-11 18:00:00,94,199,105
1,2017-08-11 20:00:00,48,67,19
1,2017-08-11 22:00:00,32,43,11
1,2017-08-12 00:00:00,13,23,10
1,2017-08-12 02:00:00,4,6,2
1,2017-08-12 04:00:00,6,4,-2
1,2017-08-12 06:00:00,20,5,-15
1,2017-08-12 08:00:00,80,32,-48
1,2017-08-12 10:00:00,147,45,-102
1,2017-08-12 12:00:00,136,94,-42
1,2017-08-12 14:00:00,121,146,25
1,2017-08-12 16:00:00,157,174,17
1,2017-08-12 18:00:00,131,162,31
1,2017-08-12 20:00:00,51,62,11
1,2017-08-12 22:00:00,24,50,26
1,2017-08-13 00:00:00,15,30,15
1,2017-08-13 02:00:00,5,10,5
1,2017-08-13 04:00:00,5,4,-1
1,2017-08-13 06:00:00,17,8,-9
1,2017-08-13 08:00:00,65,22,-43
1,2017-08-13 10:00:00,178,53,-125
1,2017-08-13 12:00:00,170,125,-45
1,2017-08-13 14:00:00,172,173,1
1,2017-08-13 16:00:00,182,187,5
1,2017-08-13 18:00:00,176,197,21
1,2017-08-13 20:00:00,86,103,17
1,2017-08-13 22:00:00,29,44,15
1,2017-08-14 00:00:00,5,15,10
1,2017-08-14 02:00:00,1,5,4
1,2017-08-14 04:00:00,16,4,-12
1,2017-08-14 06:00:00,143,40,-103
1,2017-08-14 08:00:00,278,119,-159
1,2017-08-14 10:00:00,75,31,-44
1,2017-08-14 12:00:00,70,86,16
1,2017-08-14 14:00:00,90,105,15
1,2017-08-14 16:00:00,156,218,62
1,2017-08-14 18:00:00,172,258,86
1,2017-08-14 20:00:00,66,109,43
1,2017-08-14 22:00:00,27,32,5
1,2017-08-15 00:00:00,17,23,6
1,2017-08-15 02:00:00,4,4,0
1,2017-08-15 04:00:00,13,3,-10
1,2017-08-15 06:00:00,168,47,-121
1,2017-08-15 08:00:00,288,127,-161
1,2017-08-15 10:00:00,75,34,-41
1,2017-08-15 12:00:00,64,75,11
1,2017-08-15 14:00:00,86,90,4
1,2017-08-15 16:00:00,161,234,73
1,2017-08-15 18:00:00,176,281,105
1,2017-08-15 20:00:00,70,102,32
1,2017-08-15 22:00:00,25,47,22
1,2017-08-16 00:00:00,12,18,6
1,2017-08-16 02:00:00,7,2,-5
1,2017-08-16 04:00:00,11,6,-5
1,2017-08-16 06:00:00,162,47,-115
1,2017-08-16 08:00:00,324,132,-192
1,2017-08-16 10:00:00,96,61,-35
1,2017-08-16 12:00:00,90,61,-29
1,2017-08-16 14:00:00,75,62,-13
1,2017-08-16 16:00:00,144,193,49
1,2017-08-16 18:00:00,203,292,89
1,2017-08-16 20:00:00,86,96,10
1,2017-08-16 22:00:00,32,44,12
1,2017-08-17 00:00:00,4,12,8
1,2017-08-17 02:00:00,2,4,2
1,2017-08-17 04:00:00,6,1,-5
1,2017-08-17 06:00:00,84,24,-60
1,2017-08-17 08:00:00,251,84,-167
1,2017-08-17 10:00:00,76,36,-40
1,2017-08-17 12:00:00,66,60,-6
1,2017-08-17 14:00:00,70,73,3
1,2017-08-17 16:00:00,135,193,58
1,2017-08-17 18:00:00,158,239,81
1,2017-08-17 20:00:00,65,109,44
1,2017-08-17 22:00:00,21,41,20
1,2017-08-18 00:00:00,10,13,3
1,2017-08-18 02:00:00,7,3,-4
1,2017-08-18 04:00:00,3,5,2
1,2017-08-18 06:00:00,126,30,-96
1,2017-08-18 08:00:00,279,98,-181
1,2017-08-18 10:00:00,83,49,-34
1,2017-08-18 12:00:00,69,66,-3
1,2017-08-18 14:00:00,38,47,9
1,2017-08-18 16:00:00,105,143,38
1,2017-08-18 18:00:00,103,170,67
1,2017-08-18 20:00:00,48,78,30
1,2017-08-18 22:00:00,27,38,11
1,2017-08-19 00:00:00,6,15,9
1,2017-08-19 02:00:00,3,14,11
1,2017-08-19 04:00:00,8,5,-3
1,2017-08-19 06:00:00,15,8,-7
1,2017-08-19 08:00:00,85,33,-52
1,2017-08-19 10:00:00,137,92,-45
1,2017-08-19 12:00:00,189,106,-83
1,2017-08-19 14:00:00,115,132,17
1,2017-08-19 16:00:00,138,141,3
1,2017-08-19 18:00:00,94,119,25
1,2017-08-19 20:00:00,45,86,41
1,2017-08-19 22:00:00,25,36,11
1,2017-08-20 00:00:00,11,31,20
1,2017-08-20 02:00:00,6,11,5
1,2017-08-20 04:00:00,4,6,2
1,2017-08-20 06:00:00,12,8,-4
1,2017-08-20 08:00:00,55,22,-33
1,2017-08-20 10:00:00,132,37,-95
1,2017-08-20 12:00:00,152,93,-59
1,2017-08-20 14:00:00,133,142,9
1,2017-08-20 16:00:00,121,147,26
1,2017-08-20 18:00:00,56,89,33
1,2017-08-20 20:00:00,20,31,11
1,2017-08-20 22:00:00,9,9,0
1,2017-08-21 00:00:00,1,0,-1
1,2017-08-21 02:00:00,0,1,1
1,2017-08-21 04:00:00,7,4,-3
1,2017-08-21 06:00:00,69,15,-54
1,2017-08-21 08:00:00,212,86,-126
1,2017-08-21 10:00:00,76,30,-46
1,2017-08-21 12:00:00,64,52,-12
1,2017-08-21 14:00:00,56,52,-4
1,2017-08-21 16:00:00,124,207,83
1,2017-08-21 18:00:00,152,208,56
1,2017-08-21 20:00:00,44,70,26
1,2017-08-21 22:00:00,20,33,13
1,2017-08-22 00:00:00,7,7,0
1,2017-08-22 02:00:00,7,1,-6
1,2017-08-22 04:00:00,13,2,-11
1,2017-08-22 06:00:00,139,36,-103
1,2017-08-22 08:00:00,298,105,-193
1,2017-08-22 10:00:00,92,44,-48
1,2017-08-22 12:00:00,72,47,-25
1,2017-08-22 14:00:00,68,93,25
1,2017-08-22 16:00:00,157,202,45
1,2017-08-22 18:00:00,161,225,64
1,2017-08-22 20:00:00,41,60,19
1,2017-08-22 22:00:00,18,26,8
1,2017-08-23 00:00:00,5,9,4
1,2017-08-23 02:00:00,6,3,-3
1,2017-08-23 04:00:00,11,2,-9
1,2017-08-23 06:00:00,142,46,-96
1,2017-08-23 08:00:00,286,116,-170
1,2017-08-23 10:00:00,82,36,-46
1,2017-08-23 12:00:00,85,68,-17
1,2017-08-23 14:00:00,82,73,-9
1,2017-08-23 16:00:00,132,197,65
1,2017-08-23 18:00:00,168,239,71
1,2017-08-23 20:00:00,52,84,32
1,2017-08-23 22:00:00,33,51,18
1,2017-08-24 00:00:00,9,10,1
1,2017-08-24 02:00:00,12,4,-8
1,2017-08-24 04:00:00,7,4,-3
1,2017-08-24 06:00:00,159,40,-119
1,2017-08-24 08:00:00,315,132,-183
1,2017-08-24 10:00:00,100,52,-48
1,2017-08-24 12:00:00,84,63,-21
1,2017-08-24 14:00:00,54,91,37
1,2017-08-24 16:00:00,137,197,60
1,2017-08-24 18:00:00,175,244,69
1,2017-08-24 20:00:00,53,107,54
1,2017-08-24 22:00:00,28,48,20
1,2017-08-25 00:00:00,7,18,11
1,2017-08-25 02:00:00,6,6,0
1,2017-08-25 04:00:00,8,3,-5
1,2017-08-25 06:00:00,113,31,-82
1,2017-08-25 08:00:00,246,96,-150
1,2017-08-25 10:00:00,77,45,-32
1,2017-08-25 12:00:00,95,76,-19
1,2017-08-25 14:00:00,92,116,24
1,2017-08-25 16:00:00,162,227,65
1,2017-08-25 18:00:00,122,174,52
1,2017-08-25 20:00:00,51,70,19
1,2017-08-25 22:00:00,28,54,26
1,2017-08-26 00:00:00,11,29,18
1,2017-08-26 02:00:00,12,10,-2
1,2017-08-26 04:00:00,8,6,-2
1,2017-08-26 06:00:00,16,5,-11
1,2017-08-26 08:00:00,73,28,-45
1,2017-08-26 10:00:00,126,60,-66
1,2017-08-26 12:00:00,145,124,-21
1,2017-08-26 14:00:00,130,145,15
1,2017-08-26 16:00:00,177,185,8
1,2017-08-26 18:00:00,101,150,49
1,2017-08-26 20:00:00,59,88,29
1,2017-08-26 22:00:00,40,58,18
1,2017-08-27 00:00:00,21,39,18
1,2017-08-27 02:00:00,12,19,7
1,2017-08-27 04:00:00,7,11,4
1,2017-08-27 06:00:00,20,14,-6
1,2017-08-27 08:00:00,65,28,-37
1,2017-08-27 10:00:00,140,79,-61
1,2017-08-27 12:00:00,165,145,-20
1,2017-08-27 14:00:00,152,172,20
1,2017-08-27 16:00:00,229,216,-13
1,2017-08-27 18:00:00,193,145,-48
1,2017-08-27 20:00:00,143,142,-1
1,2017-08-27 22:00:00,52,57,5
1,2017-08-28 00:00:00,53,49,-4
1,2017-08-28 02:00:00,7,25,18
1,2017-08-28 04:00:00,4,11,7
1,2017-08-28 06:00:00,20,12,-8
1,2017-08-28 08:00:00,81,24,-57
1,2017-08-28 10:00:00,132,78,-54
1,2017-08-28 12:00:00,152,159,7
1,2017-08-28 14:00:00,197,231,34
1,2017-08-28 16:00:00,203,167,-36
1,2017-08-28 18:00:00,218,154,-64
1,2017-08-28 20:00:00,113,93,-20
1,2017-08-28 22:00:00,54,59,5
1,2017-08-29 00:00:00,6,11,5
1,2017-08-29 02:00:00,9,9,0
1,2017-08-29 04:00:00,12,2,-10
1,2017-08-29 06:00:00,139,32,-107
1,2017-08-29 08:00:00,262,124,-138
1,2017-08-29 10:00:00,102,42,-60
1,2017-08-29 12:00:00,80,72,-8
1,2017-08-29 14:00:00,80,87,7
1,2017-08-29 16:00:00,141,223,82
1,2017-08-29 18:00:00,178,259,81
1,2017-08-29 20:00:00,66,93,27
1,2017-08-29 22:00:00,14,35,21
1,2017-08-30 00:00:00,6,12,6
1,2017-08-30 02:00:00,1,4,3
1,2017-08-30 04:00:00,7,1,-6
1,2017-08-30 06:00:00,162,42,-120
1,2017-08-30 08:00:00,304,118,-186
1,2017-08-30 10:00:00,74,20,-54
1,2017-08-30 12:00:00,13,12,-1
1,2017-08-30 14:00:00,15,5,-10
1,2017-08-30 16:00:00,45,93,48
1,2017-08-30 18:00:00,105,171,66
1,2017-08-30 20:00:00,39,67,28
1,2017-08-30 22:00:00,14,35,21
1,2017-08-31 00:00:00,11,9,-2
1,2017-08-31 02:00:00,2,4,2
1,2017-08-31 04:00:00,8,2,-6
1,2017-08-31 06:00:00,164,41,-123
1,2017-08-31 08:00:00,318,130,-188
1,2017-08-31 10:00:00,101,47,-54
1,2017-08-31 12:00:00,68,60,-8
1,2017-08-31 14:00:00,99,102,3
1,2017-08-31 16:00:00,151,195,44
1,2017-08-31 18:00:00,155,271,116
1,2017-08-31 20:00:00,76,110,34
1,2017-08-31 22:00:00,29,47,18
1,2017-09-01 00:00:00,8,23,15
1,2017-09-01 02:00:00,2,8,6
1,2017-09-01 04:00:00,13,7,-6
1,2017-09-01 06:00:00,135,33,-102
1,2017-09-01 08:00:00,319,111,-208
1,2017-09-01 10:00:00,101,50,-51
1,2017-09-01 12:00:00,87,71,-16
1,2017-09-01 14:00:00,91,113,22
1,2017-09-01 16:00:00,164,232,68
1,2017-09-01 18:00:00,158,234,76
1,2017-09-01 20:00:00,56,97,41
1,2017-09-01 22:00:00,32,42,10
1,2017-09-02 00:00:00,19,44,25
1,2017-09-02 02:00:00,6,9,3
1,2017-09-02 04:00:00,9,8,-1
1,2017-09-02 06:00:00,20,15,-5
1,2017-09-02 08:00:00,73,35,-38
1,2017-09-02 10:00:00,161,79,-82
1,2017-09-02 12:00:00,207,128,-79
1,2017-09-02 14:00:00,171,142,-29
1,2017-09-02 16:00:00,192,152,-40
1,2017-09-02 18:00:00,134,208,74
1,2017-09-02 20:00:00,61,84,23
1,2017-09-02 22:00:00,16,46,30
1,2017-09-03 00:00:00,10,42,32
1,2017-09-03 02:00:00,5,18,13
1,2017-09-03 04:00:00,5,9,4
1,2017-09-03 06:00:00,17,11,-6
1,2017-09-03 08:00:00,72,20,-52
1,2017-09-03 10:00:00,143,57,-86
1,2017-09-03 12:00:00,144,79,-65
1,2017-09-03 14:00:00,114,113,-1
1,2017-09-03 16:00:00,70,108,38
1,2017-09-03 18:00:00,45,76,31
1,2017-09-03 20:00:00,19,45,26
1,2017-09-03 22:00:00,20,13,-7
1,2017-09-04 00:00:00,1,6,5
1,2017-09-04 02:00:00,5,2,-3
1,2017-09-04 04:00:00,10,2,-8
1,2017-09-04 06:00:00,100,23,-77
1,2017-09-04 08:00:00,206,93,-113
1,2017-09-04 10:00:00,70,12,-58
1,2017-09-04 12:00:00,55,53,-2
1,2017-09-04 14:00:00,74,76,2
1,2017-09-04 16:00:00,142,205,63
1,2017-09-04 18:00:00,181,277,96
1,2017-09-04 20:00:00,53,84,31
1,2017-09-04 22:00:00,24,37,13
1,2017-09-05 00:00:00,10,13,3
1,2017-09-05 02:00:00,10,7,-3
1,2017-09-05 04:00:00,16,1,-15
1,2017-09-05 06:00:00,138,37,-101
1,2017-09-05 08:00:00,375,148,-227
1,2017-09-05 10:00:00,95,51,-44
1,2017-09-05 12:00:00,85,60,-25
1,2017-09-05 14:00:00,86,77,-9
1,2017-09-05 16:00:00,116,155,39
1,2017-09-05 18:00:00,148,268,120
1,2017-09-05 20:00:00,38,65,27
1,2017-09-05 22:00:00,15,31,16
1,2017-09-06 00:00:00,7,4,-3
1,2017-09-06 02:00:00,5,2,-3
1,2017-09-06 04:00:00,8,3,-5
1,2017-09-06 06:00:00,204,55,-149
1,2017-09-06 08:00:00,358,131,-227
1,2017-09-06 10:00:00,118,29,-89
1,2017-09-06 12:00:00,69,67,-2
1,2017-09-06 14:00:00,74,71,-3
1,2017-09-06 16:00:00,136,205,69
1,2017-09-06 18:00:00,192,305,113
1,2017-09-06 20:00:00,53,97,44
1,2017-09-06 22:00:00,30,59,29
1,2017-09-07 00:00:00,8,19,11
1,2017-09-07 02:00:00,2,11,9
1,2017-09-07 04:00:00,12,3,-9
1,2017-09-07 06:00:00,152,46,-106
1,2017-09-07 08:00:00,357,139,-218
1,2017-09-07 10:00:00,97,66,-31
1,2017-09-07 12:00:00,78,53,-25
1,2017-09-07 14:00:00,86,87,1
1,2017-09-07 16:00:00,162,198,36
1,2017-09-07 18:00:00,219,270,51
1,2017-09-07 20:00:00,46,74,28
1,2017-09-07 22:00:00,16,42,26
1,2017-09-08 00:00:00,9,15,6
1,2017-09-08 02:00:00,2,4,2
1,2017-09-08 04:00:00,5,0,-5
1,2017-09-08 06:00:00,52,14,-38
1,2017-09-08 08:00:00,149,57,-92
1,2017-09-08 10:00:00,56,69,13
1,2017-09-08 12:00:00,19,18,-1
1,2017-09-08 14:00:00,61,57,-4
1,2017-09-08 16:00:00,140,198,58
1,2017-09-08 18:00:00,169,192,23
1,2017-09-08 20:00:00,36,48,12
1,2017-09-08 22:00:00,23,32,9
1,2017-09-09 00:00:00,15,29,14
1,2017-09-09 02:00:00,3,6,3
1,2017-09-09 04:00:00,5,7,2
1,2017-09-09 06:00:00,17,11,-6
1,2017-09-09 08:00:00,72,36,-36
1,2017-09-09 10:00:00,170,138,-32
1,2017-09-09 12:00:00,166,123,-43
1,2017-09-09 14:00:00,170,119,-51
1,2017-09-09 16:00:00,175,170,-5
1,2017-09-09 18:00:00,120,106,-14
1,2017-09-09 20:00:00,38,75,37
1,2017-09-09 22:00:00,31,51,20
1,2017-09-10 00:00:00,16,31,15
1,2017-09-10 02:00:00,2,7,5
1,2017-09-10 04:00:00,5,3,-2
1,2017-09-10 06:00:00,15,7,-8
1,2017-09-10 08:00:00,59,20,-39
1,2017-09-10 10:00:00,142,60,-82
1,2017-09-10 12:00:00,121,102,-19
1,2017-09-10 14:00:00,116,99,-17
1,2017-09-10 16:00:00,73,104,31
1,2017-09-10 18:00:00,48,43,-5
1,2017-09-10 20:00:00,22,37,15
1,2017-09-10 22:00:00,15,29,14
1,2017-09-11 00:00:00,11,14,3
1,2017-09-11 02:00:00,2,1,-1
1,2017-09-11 04:00:00,12,3,-9
1,2017-09-11 06:00:00,117,29,-88
1,2017-09-11 08:00:00,250,108,-142
1,2017-09-11 10:00:00,81,38,-43
1,2017-09-11 12:00:00,74,43,-31
1,2017-09-11 14:00:00,80,59,-21
1,2017-09-11 16:00:00,89,135,46
1,2017-09-11 18:00:00,138,247,109
1,2017-09-11 20:00:00,38,65,27
1,2017-09-11 22:00:00,16,22,6
1,2017-09-12 00:00:00,5,17,12
1,2017-09-12 02:00:00,3,2,-1
1,2017-09-12 04:00:00,11,4,-7
1,2017-09-12 06:00:00,182,45,-137
1,2017-09-12 08:00:00,342,128,-214
1,2017-09-12 10:00:00,93,43,-50
1,2017-09-12 12:00:00,77,60,-17
1,2017-09-12 14:00:00,66,80,14
1,2017-09-12 16:00:00,153,187,34
1,2017-09-12 18:00:00,158,280,122
1,2017-09-12 20:00:00,12,36,24
1,2017-09-12 22:00:00,1,4,3
1,2017-09-13 00:00:00,5,10,5
1,2017-09-13 02:00:00,1,4,3
1,2017-09-13 04:00:00,7,4,-3
1,2017-09-13 06:00:00,161,50,-111
1,2017-09-13 08:00:00,356,133,-223
1,2017-09-13 10:00:00,97,48,-49
1,2017-09-13 12:00:00,66,49,-17
1,2017-09-13 14:00:00,49,58,9
1,2017-09-13 16:00:00,131,200,69
1,2017-09-13 18:00:00,198,286,88
1,2017-09-13 20:00:00,37,84,47
1,2017-09-13 22:00:00,12,33,21
1,2017-09-14 00:00:00,5,15,10
1,2017-09-14 02:00:00,1,5,4
1,2017-09-14 04:00:00,8,2,-6
1,2017-09-14 06:00:00,152,41,-111
1,2017-09-14 08:00:00,323,125,-198
1,2017-09-14 10:00:00,100,48,-52
1,2017-09-14 12:00:00,72,54,-18
1,2017-09-14 14:00:00,69,77,8
1,2017-09-14 16:00:00,126,193,67
1,2017-09-14 18:00:00,116,207,91
1,2017-09-14 20:00:00,34,81,47
1,2017-09-14 22:00:00,19,60,41
1,2017-09-15 00:00:00,10,13,3
1,2017-09-15 02:00:00,1,3,2
1,2017-09-15 04:00:00,8,5,-3
1,2017-09-15 06:00:00,159,35,-124
1,2017-09-15 08:00:00,328,107,-221
1,2017-09-15 10:00:00,111,53,-58
1,2017-09-15 12:00:00,78,84,6
1,2017-09-15 14:00:00,85,110,25
1,2017-09-15 16:00:00,159,206,47
1,2017-09-15 18:00:00,116,188,72
1,2017-09-15 20:00:00,36,66,30
1,2017-09-15 22:00:00,24,34,10
1,2017-09-16 00:00:00,6,28,22
1,2017-09-16 02:00:00,7,9,2
1,2017-09-16 04:00:00,2,6,4
1,2017-09-16 06:00:00,15,12,-3
1,2017-09-16 08:00:00,86,39,-47
1,2017-09-16 10:00:00,121,57,-64
1,2017-09-16 12:00:00,148,84,-64
1,2017-09-16 14:00:00,150,101,-49
1,2017-09-16 16:00:00,118,105,-13
1,2017-09-16 18:00:00,78,106,28
1,2017-09-16 20:00:00,34,66,32
1,2017-09-16 22:00:00,21,40,19
1,2017-09-17 00:00:00,12,34,22
1,2017-09-17 02:00:00,2,13,11
1,2017-09-17 04:00:00,3,5,2
1,2017-09-17 06:00:00,14,10,-4
1,2017-09-17 08:00:00,51,18,-33
1,2017-09-17 10:00:00,140,44,-96
1,2017-09-17 12:00:00,147,88,-59
1,2017-09-17 14:00:00,145,108,-37
1,2017-09-17 16:00:00,127,156,29
1,2017-09-17 18:00:00,84,111,27
1,2017-09-17 20:00:00,23,45,22
1,2017-09-17 22:00:00,16,26,10
1,2017-09-18 00:00:00,5,13,8
1,2017-09-18 02:00:00,1,1,0
1,2017-09-18 04:00:00,8,9,1
1,2017-09-18 06:00:00,166,46,-120
1,2017-09-18 08:00:00,358,132,-226
1,2017-09-18 10:00:00,82,39,-43
1,2017-09-18 12:00:00,72,54,-18
1,2017-09-18 14:00:00,58,55,-3
1,2017-09-18 16:00:00,147,230,83
1,2017-09-18 18:00:00,152,301,149
1,2017-09-18 20:00:00,36,77,41
1,2017-09-18 22:00:00,8,20,12
1,2017-09-19 00:00:00,6,3,-3
1,2017-09-19 02:00:00,4,4,0
1,2017-09-19 04:00:00,12,3,-9
1,2017-09-19 06:00:00,183,49,-134
1,2017-09-19 08:00:00,388,126,-262
1,2017-09-19 10:00:00,115,43,-72
1,2017-09-19 12:00:00,77,78,1
1,2017-09-19 14:00:00,65,71,6
1,2017-09-19 16:00:00,146,220,74
1,2017-09-19 18:00:00,151,270,119
1,2017-09-19 20:00:00,47,75,28
1,2017-09-19 22:00:00,25,39,14
2,2017-08-01 00:00:00,17,11,-6
2,2017-08-01 02:00:00,6,3,-3
2,2017-08-01 04:00:00,10,17,7
2,2017-08-01 06:00:00,157,140,-17
2,2017-08-01 08:00:00,306,417,111
2,2017-08-01 10:00:00,114,112,-2
2,2017-08-01 12:00:00,116,139,23
2,2017-08-01 14:00:00,146,126,-20
2,2017-08-01 16:00:00,366,271,-95
2,2017-08-01 18:00:00,324,325,1
2,2017-08-01 20:00:00,95,123,28
2,2017-08-01 22:00:00,33,57,24
2,2017-08-02 00:00:00,13,21,8
2,2017-08-02 02:00:00,10,2,-8
2,2017-08-02 04:00:00,10,10,0
2,2017-08-02 06:00:00,143,146,3
2,2017-08-02 08:00:00,309,395,86
2,2017-08-02 10:00:00,102,128,26
2,2017-08-02 12:00:00,55,62,7
2,2017-08-02 14:00:00,39,31,-8
2,2017-08-02 16:00:00,177,103,-74
2,2017-08-02 18:00:00,187,224,37
2,2017-08-02 20:00:00,60,86,26
2,2017-08-02 22:00:00,19,28,9
2,2017-08-03 00:00:00,14,30,16
2,2017-08-03 02:00:00,7,6,-1
2,2017-08-03 04:00:00,9,8,-1
2,2017-08-03 06:00:00,141,110,-31
2,2017-08-03 08:00:00,286,360,74
2,2017-08-03 10:00:00,84,95,11
2,2017-08-03 12:00:00,80,86,6
2,2017-08-03 14:00:00,93,90,-3
2,2017-08-03 16:00:00,276,199,-77
2,2017-08-03 18:00:00,198,275,77
2,2017-08-03 20:00:00,97,125,28
2,2017-08-03 22:00:00,34,72,38
2,2017-08-04 00:00:00,12,18,6
2,2017-08-04 02:00:00,1,11,10
2,2017-08-04 04:00:00,12,12,0
2,2017-08-04 06:00:00,127,92,-35
2,2017-08-04 08:00:00,252,321,69
2,2017-08-04 10:00:00,82,142,60
2,2017-08-04 12:00:00,125,113,-12
2,2017-08-04 14:00:00,143,114,-29
2,2017-08-04 16:00:00,257,221,-36
2,2017-08-04 18:00:00,180,196,16
2,2017-08-04 20:00:00,83,105,22
2,2017-08-04 22:00:00,42,59,17
2,2017-08-05 00:00:00,9,41,32
2,2017-08-05 02:00:00,8,11,3
2,2017-08-05 04:00:00,6,4,-2
2,2017-08-05 06:00:00,26,24,-2
2,2017-08-05 08:00:00,60,47,-13
2,2017-08-05 10:00:00,157,116,-41
2,2017-08-05 12:00:00,130,124,-6
2,2017-08-05 14:00:00,148,137,-11
2,2017-08-05 16:00:00,150,136,-14
2,2017-08-05 18:00:00,142,156,14
2,2017-08-05 20:00:00,103,92,-11
2,2017-08-05 22:00:00,53,72,19
2,2017-08-06 00:00:00,17,40,23
2,2017-08-06 02:00:00,17,25,8
2,2017-08-06 04:00:00,6,13,7
2,2017-08-06 06:00:00,13,16,3
2,2017-08-06 08:00:00,57,40,-17
2,2017-08-06 10:00:00,149,103,-46
2,2017-08-06 12:00:00,176,158,-18
2,2017-08-06 14:00:00,197,204,7
2,2017-08-06 16:00:00,163,206,43
2,2017-08-06 18:00:00,156,127,-29
2,2017-08-06 20:00:00,65,100,35
2,2017-08-06 22:00:00,44,60,16
2,2017-08-07 00:00:00,11,19,8
2,2017-08-07 02:00:00,2,3,1
2,2017-08-07 04:00:00,9,10,1
2,2017-08-07 06:00:00,125,118,-7
2,2017-08-07 08:00:00,274,333,59
2,2017-08-07 10:00:00,85,90,5
2,2017-08-07 12:00:00,97,103,6
2,2017-08-07 14:00:00,135,123,-12
2,2017-08-07 16:00:00,324,248,-76
2,2017-08-07 18:00:00,237,271,34
2,2017-08-07 20:00:00,64,66,2
2,2017-08-07 22:00:00,28,54,26
2,2017-08-08 00:00:00,11,16,5
2,2017-08-08 02:00:00,2,4,2
2,2017-08-08 04:00:00,15,10,-5
2,2017-08-08 06:00:00,152,129,-23
2,2017-08-08 08:00:00,297,345,48
2,2017-08-08 10:00:00,77,87,10
2,2017-08-08 12:00:00,108,103,-5
2,2017-08-08 14:00:00,101,104,3
2,2017-08-08 16:00:00,307,192,-115
2,2017-08-08 18:00:00,223,261,38
2,2017-08-08 20:00:00,75,118,43
2,2017-08-08 22:00:00,20,50,30
2,2017-08-09 00:00:00,10,14,4
2,2017-08-09 02:00:00,1,12,11
2,2017-08-09 04:00:00,10,5,-5
2,2017-08-09 06:00:00,117,107,-10
2,2017-08-09 08:00:00,160,165,5
2,2017-08-09 10:00:00,14,13,-1
2,2017-08-09 12:00:00,18,18,0
2,2017-08-09 14:00:00,15,12,-3
2,2017-08-09 16:00:00,72,39,-33
2,2017-08-09 18:00:00,43,51,8
2,2017-08-09 20:00:00,8,22,14
2,2017-08-09 22:00:00,15,21,6
2,2017-08-10 00:00:00,4,16,12
2,2017-08-10 02:00:00,4,0,-4
2,2017-08-10 04:00:00,8,7,-1
2,2017-08-10 06:00:00,128,124,-4
2,2017-08-10 08:00:00,271,325,54
2,2017-08-10 10:00:00,87,82,-5
2,2017-08-10 12:00:00,107,130,23
2,2017-08-10 14:00:00,129,123,-6
2,2017-08-10 16:00:00,335,201,-134
2,2017-08-10 18:00:00,219,288,69
2,2017-08-10 20:00:00,94,125,31
2,2017-08-10 22:00:00,58,73,15
2,2017-08-11 00:00:00,14,26,12
2,2017-08-11 02:00:00,10,13,3
2,2017-08-11 04:00:00,13,12,-1
2,2017-08-11 06:00:00,110,101,-9
2,2017-08-11 08:00:00,272,282,10
2,2017-08-11 10:00:00,116,117,1
2,2017-08-11 12:00:00,151,143,-8
2,2017-08-11 14:00:00,128,134,6
2,2017-08-11 16:00:00,291,216,-75
2,2017-08-11 18:00:00,186,186,0
2,2017-08-11 20:00:00,70,94,24
2,2017-08-11 22:00:00,49,59,10
2,2017-08-12 00:00:00,15,37,22
2,2017-08-12 02:00:00,8,16,8
2,2017-08-12 04:00:00,3,5,2
2,2017-08-12 06:00:00,19,25,6
2,2017-08-12 08:00:00,56,49,-7
2,2017-08-12 10:00:00,141,94,-47
2,2017-08-12 12:00:00,212,197,-15
2,2017-08-12 14:00:00,231,212,-19
2,2017-08-12 16:00:00,197,196,-1
2,2017-08-12 18:00:00,168,170,2
2,2017-08-12 20:00:00,82,133,51
2,2017-08-12 22:00:00,38,65,27
2,2017-08-13 00:00:00,19,35,16
2,2017-08-13 02:00:00,8,34,26
2,2017-08-13 04:00:00,3,17,14
2,2017-08-13 06:00:00,15,21,6
2,2017-08-13 08:00:00,58,51,-7
2,2017-08-13 10:00:00,165,139,-26
2,2017-08-13 12:00:00,262,229,-33
2,2017-08-13 14:00:00,238,222,-16
2,2017-08-13 16:00:00,215,216,1
2,2017-08-13 18:00:00,178,169,-9
2,2017-08-13 20:00:00,63,109,46
2,2017-08-13 22:00:00,49,59,10
2,2017-08-14 00:00:00,13,28,15
2,2017-08-14 02:00:00,5,8,3
2,2017-08-14 04:00:00,9,6,-3
2,2017-08-14 06:00:00,120,117,-3
2,2017-08-14 08:00:00,280,343,63
2,2017-08-14 10:00:00,108,137,29
2,2017-08-14 12:00:00,140,120,-20
2,2017-08-14 14:00:00,108,145,37
2,2017-08-14 16:00:00,343,282,-61
2,2017-08-14 18:00:00,284,333,49
2,2017-08-14 20:00:00,86,122,36
2,2017-08-14 22:00:00,26,38,12
2,2017-08-15 00:00:00,9,13,4
2,2017-08-15 02:00:00,3,5,2
2,2017-08-15 04:00:00,15,9,-6
2,2017-08-15 06:00:00,138,112,-26
2,2017-08-15 08:00:00,345,359,14
2,2017-08-15 10:00:00,102,115,13
2,2017-08-15 12:00:00,119,104,-15
2,2017-08-15 14:00:00,144,129,-15
2,2017-08-15 16:00:00,324,289,-35
2,2017-08-15 18:00:00,318,358,40
2,2017-08-15 20:00:00,99,155,56
2,2017-08-15 22:00:00,59,63,4
2,2017-08-16 00:00:00,13,16,3
2,2017-08-16 02:00:00,2,5,3
2,2017-08-16 04:00:00,13,9,-4
2,2017-08-16 06:00:00,139,140,1
2,2017-08-16 08:00:00,329,328,-1
2,2017-08-16 10:00:00,85,84,-1
2,2017-08-16 12:00:00,133,114,-19
2,2017-08-16 14:00:00,120,138,18
2,2017-08-16 16:00:00,308,208,-100
2,2017-08-16 18:00:00,258,309,51
2,2017-08-16 20:00:00,84,124,40
2,2017-08-16 22:00:00,29,50,21
2,2017-08-17 00:00:00,4,18,14
2,2017-08-17 02:00:00,1,1,0
2,2017-08-17 04:00:00,17,6,-11
2,2017-08-17 06:00:00,84,89,5
2,2017-08-17 08:00:00,247,286,39
2,2017-08-17 10:00:00,84,70,-14
2,2017-08-17 12:00:00,101,100,-1
2,2017-08-17 14:00:00,109,120,11
2,2017-08-17 16:00:00,319,232,-87
2,2017-08-17 18:00:00,261,250,-11
2,2017-08-17 20:00:00,81,129,48
2,2017-08-17 22:00:00,48,38,-10
2,2017-08-18 00:00:00,13,24,11
2,2017-08-18 02:00:00,11,5,-6
2,2017-08-18 04:00:00,13,13,0
2,2017-08-18 06:00:00,96,80,-16
2,2017-08-18 08:00:00,273,289,16
2,2017-08-18 10:00:00,76,87,11
2,2017-08-18 12:00:00,71,80,9
2,2017-08-18 14:00:00,88,87,-1
2,2017-08-18 16:00:00,177,141,-36
2,2017-08-18 18:00:00,169,179,10
2,2017-08-18 20:00:00,56,76,20
2,2017-08-18 22:00:00,32,48,16
2,2017-08-19 00:00:00,8,25,17
2,2017-08-19 02:00:00,8,18,10
2,2017-08-19 04:00:00,4,10,6
2,2017-08-19 06:00:00,27,21,-6
2,2017-08-19 08:00:00,63,56,-7
2,2017-08-19 10:00:00,141,110,-31
2,2017-08-19 12:00:00,200,201,1
2,2017-08-19 14:00:00,190,179,-11
2,2017-08-19 16:00:00,168,184,16
2,2017-08-19 18:00:00,169,162,-7
2,2017-08-19 20:00:00,72,97,25
2,2017-08-19 22:00:00,50,71,21
2,2017-08-20 00:00:00,20,29,9
2,2017-08-20 02:00:00,8,16,8
2,2017-08-20 04:00:00,8,11,3
2,2017-08-20 06:00:00,14,8,-6
2,2017-08-20 08:00:00,49,45,-4
2,2017-08-20 10:00:00,145,121,-24
2,2017-08-20 12:00:00,195,162,-33
2,2017-08-20 14:00:00,169,180,11
2,2017-08-20 16:00:00,176,164,-12
2,2017-08-20 18:00:00,80,104,24
2,2017-08-20 20:00:00,32,52,20
2,2017-08-20 22:00:00,15,13,-2
2,2017-08-21 00:00:00,8,12,4
2,2017-08-21 02:00:00,1,2,1
2,2017-08-21 04:00:00,8,4,-4
2,2017-08-21 06:00:00,84,92,8
2,2017-08-21 08:00:00,231,247,16
2,2017-08-21 10:00:00,62,84,22
2,2017-08-21 12:00:00,95,82,-13
2,2017-08-21 14:00:00,114,82,-32
2,2017-08-21 16:00:00,290,206,-84
2,2017-08-21 18:00:00,261,293,32
2,2017-08-21 20:00:00,67,101,34
2,2017-08-21 22:00:00,43,41,-2
2,2017-08-22 00:00:00,13,8,-5
2,2017-08-22 02:00:00,1,5,4
2,2017-08-22 04:00:00,14,10,-4
2,2017-08-22 06:00:00,129,124,-5
2,2017-08-22 08:00:00,293,350,57
2,2017-08-22 10:00:00,80,81,1
2,2017-08-22 12:00:00,121,107,-14
2,2017-08-22 14:00:00,119,108,-11
2,2017-08-22 16:00:00,333,240,-93
2,2017-08-22 18:00:00,237,306,69
2,2017-08-22 20:00:00,72,94,22
2,2017-08-22 22:00:00,30,42,12
2,2017-08-23 00:00:00,3,9,6
2,2017-08-23 02:00:00,0,6,6
2,2017-08-23 04:00:00,12,8,-4
2,2017-08-23 06:00:00,132,148,16
2,2017-08-23 08:00:00,295,387,92
2,2017-08-23 10:00:00,67,80,13
2,2017-08-23 12:00:00,106,107,1
2,2017-08-23 14:00:00,115,114,-1
2,2017-08-23 16:00:00,348,225,-123
2,2017-08-23 18:00:00,270,277,7
2,2017-08-23 20:00:00,98,121,23
2,2017-08-23 22:00:00,38,48,10
2,2017-08-24 00:00:00,14,21,7
2,2017-08-24 02:00:00,1,11,10
2,2017-08-24 04:00:00,9,4,-5
2,2017-08-24 06:00:00,124,115,-9
2,2017-08-24 08:00:00,329,340,11
2,2017-08-24 10:00:00,96,105,9
2,2017-08-24 12:00:00,132,117,-15
2,2017-08-24 14:00:00,123,95,-28
2,2017-08-24 16:00:00,297,218,-79
2,2017-08-24 18:00:00,275,263,-12
2,2017-08-24 20:00:00,64,118,54
2,2017-08-24 22:00:00,37,54,17
2,2017-08-25 00:00:00,19,14,-5
2,2017-08-25 02:00:00,4,14,10
2,2017-08-25 04:00:00,16,9,-7
2,2017-08-25 06:00:00,103,83,-20
2,2017-08-25 08:00:00,237,260,23
2,2017-08-25 10:00:00,102,111,9
2,2017-08-25 12:00:00,119,120,1
2,2017-08-25 14:00:00,142,169,27
2,2017-08-25 16:00:00,260,234,-26
2,2017-08-25 18:00:00,212,244,32
2,2017-08-25 20:00:00,82,102,20
2,2017-08-25 22:00:00,58,89,31
2,2017-08-26 00:00:00,34,60,26
2,2017-08-26 02:00:00,6,33,27
2,2017-08-26 04:00:00,7,9,2
2,2017-08-26 06:00:00,15,24,9
2,2017-08-26 08:00:00,51,42,-9
2,2017-08-26 10:00:00,178,127,-51
2,2017-08-26 12:00:00,244,185,-59
2,2017-08-26 14:00:00,218,227,9
2,2017-08-26 16:00:00,201,205,4
2,2017-08-26 18:00:00,179,166,-13
2,2017-08-26 20:00:00,75,103,28
2,2017-08-26 22:00:00,69,70,1
2,2017-08-27 00:00:00,32,57,25
2,2017-08-27 02:00:00,17,20,3
2,2017-08-27 04:00:00,5,11,6
2,2017-08-27 06:00:00,22,29,7
2,2017-08-27 08:00:00,42,61,19
2,2017-08-27 10:00:00,149,101,-48
2,2017-08-27 12:00:00,255,166,-89
2,2017-08-27 14:00:00,232,201,-31
2,2017-08-27 16:00:00,232,259,27
2,2017-08-27 18:00:00,157,207,50
2,2017-08-27 20:00:00,132,155,23
2,2017-08-27 22:00:00,37,81,44
2,2017-08-28 00:00:00,44,57,13
2,2017-08-28 02:00:00,16,14,-2
2,2017-08-28 04:00:00,4,24,20
2,2017-08-28 06:00:00,21,19,-2
2,2017-08-28 08:00:00,69,44,-25
2,2017-08-28 10:00:00,135,137,2
2,2017-08-28 12:00:00,244,177,-67
2,2017-08-28 14:00:00,223,229,6
2,2017-08-28 16:00:00,274,282,8
2,2017-08-28 18:00:00,139,191,52
2,2017-08-28 20:00:00,80,139,59
2,2017-08-28 22:00:00,40,55,15
2,2017-08-29 00:00:00,23,14,-9
2,2017-08-29 02:00:00,8,14,6
2,2017-08-29 04:00:00,17,16,-1
2,2017-08-29 06:00:00,140,123,-17
2,2017-08-29 08:00:00,293,330,37
2,2017-08-29 10:00:00,85,97,12
2,2017-08-29 12:00:00,101,111,10
2,2017-08-29 14:00:00,121,94,-27
2,2017-08-29 16:00:00,314,256,-58
2,2017-08-29 18:00:00,251,298,47
2,2017-08-29 20:00:00,75,93,18
2,2017-08-29 22:00:00,34,48,14
2,2017-08-30 00:00:00,10,10,0
2,2017-08-30 02:00:00,2,5,3
2,2017-08-30 04:00:00,16,5,-11
2,2017-08-30 06:00:00,141,135,-6
2,2017-08-30 08:00:00,297,334,37
2,2017-08-30 10:00:00,65,63,-2
2,2017-08-30 12:00:00,28,26,-2
2,2017-08-30 14:00:00,22,18,-4
2,2017-08-30 16:00:00,135,82,-53
2,2017-08-30 18:00:00,148,181,33
2,2017-08-30 20:00:00,78,91,13
2,2017-08-30 22:00:00,23,39,16
2,2017-08-31 00:00:00,4,14,10
2,2017-08-31 02:00:00,3,10,7
2,2017-08-31 04:00:00,13,7,-6
2,2017-08-31 06:00:00,156,132,-24
2,2017-08-31 08:00:00,328,377,49
2,2017-08-31 10:00:00,103,111,8
2,2017-08-31 12:00:00,107,110,3
2,2017-08-31 14:00:00,150,131,-19
2,2017-08-31 16:00:00,301,209,-92
2,2017-08-31 18:00:00,223,296,73
2,2017-08-31 20:00:00,81,96,15
2,2017-08-31 22:00:00,46,50,4
2,2017-09-01 00:00:00,16,21,5
2,2017-09-01 02:00:00,3,4,1
2,2017-09-01 04:00:00,10,9,-1
2,2017-09-01 06:00:00,134,103,-31
2,2017-09-01 08:00:00,290,336,46
2,2017-09-01 10:00:00,88,101,13
2,2017-09-01 12:00:00,149,102,-47
2,2017-09-01 14:00:00,149,143,-6
2,2017-09-01 16:00:00,300,255,-45
2,2017-09-01 18:00:00,202,253,51
2,2017-09-01 20:00:00,60,95,35
2,2017-09-01 22:00:00,47,82,35
2,2017-09-02 00:00:00,24,38,14
2,2017-09-02 02:00:00,5,16,11
2,2017-09-02 04:00:00,7,5,-2
2,2017-09-02 06:00:00,20,30,10
2,2017-09-02 08:00:00,64,49,-15
2,2017-09-02 10:00:00,203,151,-52
2,2017-09-02 12:00:00,252,200,-52
2,2017-09-02 14:00:00,209,238,29
2,2017-09-02 16:00:00,212,227,15
2,2017-09-02 18:00:00,169,176,7
2,2017-09-02 20:00:00,57,72,15
2,2017-09-02 22:00:00,35,61,26
2,2017-09-03 00:00:00,32,42,10
2,2017-09-03 02:00:00,9,21,12
2,2017-09-03 04:00:00,6,13,7
2,2017-09-03 06:00:00,12,12,0
2,2017-09-03 08:00:00,43,35,-8
2,2017-09-03 10:00:00,145,134,-11
2,2017-09-03 12:00:00,147,129,-18
2,2017-09-03 14:00:00,146,127,-19
2,2017-09-03 16:00:00,91,106,15
2,2017-09-03 18:00:00,74,72,-2
2,2017-09-03 20:00:00,28,51,23
2,2017-09-03 22:00:00,15,23,8
2,2017-09-04 00:00:00,3,8,5
2,2017-09-04 02:00:00,2,4,2
2,2017-09-04 04:00:00,8,1,-7
2,2017-09-04 06:00:00,108,90,-18
2,2017-09-04 08:00:00,209,275,66
2,2017-09-04 10:00:00,51,53,2
2,2017-09-04 12:00:00,93,88,-5
2,2017-09-04 14:00:00,94,104,10
2,2017-09-04 16:00:00,308,214,-94
2,2017-09-04 18:00:00,241,294,53
2,2017-09-04 20:00:00,80,80,0
2,2017-09-04 22:00:00,42,74,32
2,2017-09-05 00:00:00,7,12,5
2,2017-09-05 02:00:00,6,3,-3
2,2017-09-05 04:00:00,11,7,-4
2,2017-09-05 06:00:00,164,123,-41
2,2017-09-05 08:00:00,316,406,90
2,2017-09-05 10:00:00,102,75,-27
2,2017-09-05 12:00:00,97,97,0
2,2017-09-05 14:00:00,112,97,-15
2,2017-09-05 16:00:00,277,176,-101
2,2017-09-05 18:00:00,252,254,2
2,2017-09-05 20:00:00,71,87,16
2,2017-09-05 22:00:00,17,37,20
2,2017-09-06 00:00:00,6,15,9
2,2017-09-06 02:00:00,4,4,0
2,2017-09-06 04:00:00,18,6,-12
2,2017-09-06 06:00:00,150,141,-9
2,2017-09-06 08:00:00,309,415,106
2,2017-09-06 10:00:00,100,100,0
2,2017-09-06 12:00:00,114,115,1
2,2017-09-06 14:00:00,120,148,28
2,2017-09-06 16:00:00,326,225,-101
2,2017-09-06 18:00:00,266,298,32
2,2017-09-06 20:00:00,83,108,25
2,2017-09-06 22:00:00,47,64,17
2,2017-09-07 00:00:00,8,24,16
2,2017-09-07 02:00:00,1,7,6
2,2017-09-07 04:00:00,11,8,-3
2,2017-09-07 06:00:00,170,137,-33
2,2017-09-07 08:00:00,331,403,72
2,2017-09-07 10:00:00,87,111,24
2,2017-09-07 12:00:00,91,95,4
2,2017-09-07 14:00:00,149,122,-27
2,2017-09-07 16:00:00,328,221,-107
2,2017-09-07 18:00:00,206,281,75
2,2017-09-07 20:00:00,64,110,46
2,2017-09-07 22:00:00,47,60,13
2,2017-09-08 00:00:00,13,25,12
2,2017-09-08 02:00:00,1,8,7
2,2017-09-08 04:00:00,8,6,-2
2,2017-09-08 06:00:00,75,60,-15
2,2017-09-08 08:00:00,183,187,4
2,2017-09-08 10:00:00,59,75,16
2,2017-09-08 12:00:00,27,38,11
2,2017-09-08 14:00:00,77,53,-24
2,2017-09-08 16:00:00,241,190,-51
2,2017-09-08 18:00:00,156,183,27
2,2017-09-08 20:00:00,42,67,25
2,2017-09-08 22:00:00,26,45,19
2,2017-09-09 00:00:00,16,22,6
2,2017-09-09 02:00:00,11,21,10
2,2017-09-09 04:00:00,4,11,7
2,2017-09-09 06:00:00,20,22,2
2,2017-09-09 08:00:00,72,45,-27
2,2017-09-09 10:00:00,138,108,-30
2,2017-09-09 12:00:00,182,180,-2
2,2017-09-09 14:00:00,199,151,-48
2,2017-09-09 16:00:00,127,132,5
2,2017-09-09 18:00:00,111,138,27
2,2017-09-09 20:00:00,55,82,27
2,2017-09-09 22:00:00,33,60,27
2,2017-09-10 00:00:00,15,37,22
2,2017-09-10 02:00:00,15,19,4
2,2017-09-10 04:00:00,4,11,7
2,2017-09-10 06:00:00,13,12,-1
2,2017-09-10 08:00:00,52,42,-10
2,2017-09-10 10:00:00,153,124,-29
2,2017-09-10 12:00:00,223,171,-52
2,2017-09-10 14:00:00,169,151,-18
2,2017-09-10 16:00:00,99,164,65
2,2017-09-10 18:00:00,49,53,4
2,2017-09-10 20:00:00,32,43,11
2,2017-09-10 22:00:00,10,33,23
2,2017-09-11 00:00:00,10,13,3
2,2017-09-11 02:00:00,3,1,-2
2,2017-09-11 04:00:00,6,6,0
2,2017-09-11 06:00:00,119,122,3
2,2017-09-11 08:00:00,236,294,58
2,2017-09-11 10:00:00,72,63,-9
2,2017-09-11 12:00:00,92,91,-1
2,2017-09-11 14:00:00,81,95,14
2,2017-09-11 16:00:00,204,129,-75
2,2017-09-11 18:00:00,206,243,37
2,2017-09-11 20:00:00,51,78,27
2,2017-09-11 22:00:00,24,34,10
2,2017-09-12 00:00:00,3,10,7
2,2017-09-12 02:00:00,2,2,0
2,2017-09-12 04:00:00,9,9,0
2,2017-09-12 06:00:00,150,127,-23
2,2017-09-12 08:00:00,338,438,100
2,2017-09-12 10:00:00,66,94,28
2,2017-09-12 12:00:00,117,99,-18
2,2017-09-12 14:00:00,122,112,-10
2,2017-09-12 16:00:00,285,218,-67
2,2017-09-12 18:00:00,260,299,39
2,2017-09-12 20:00:00,27,47,20
2,2017-09-12 22:00:00,7,10,3
2,2017-09-13 00:00:00,2,6,4
2,2017-09-13 02:00:00,0,0,0
2,2017-09-13 04:00:00,8,3,-5
2,2017-09-13 06:00:00,135,134,-1
2,2017-09-13 08:00:00,322,405,83
2,2017-09-13 10:00:00,92,95,3
2,2017-09-13 12:00:00,99,86,-13
2,2017-09-13 14:00:00,78,103,25
2,2017-09-13 16:00:00,283,205,-78
2,2017-09-13 18:00:00,231,293,62
2,2017-09-13 20:00:00,64,88,24
2,2017-09-13 22:00:00,30,37,7
2,2017-09-14 00:00:00,9,15,6
2,2017-09-14 02:00:00,1,3,2
2,2017-09-14 04:00:00,9,8,-1
2,2017-09-14 06:00:00,129,110,-19
2,2017-09-14 08:00:00,343,397,54
2,2017-09-14 10:00:00,81,96,15
2,2017-09-14 12:00:00,104,107,3
2,2017-09-14 14:00:00,98,112,14
2,2017-09-14 16:00:00,282,213,-69
2,2017-09-14 18:00:00,208,270,62
2,2017-09-14 20:00:00,60,100,40
2,2017-09-14 22:00:00,38,41,3
2,2017-09-15 00:00:00,14,24,10
2,2017-09-15 02:00:00,5,15,10
2,2017-09-15 04:00:00,4,9,5
2,2017-09-15 06:00:00,123,97,-26
2,2017-09-15 08:00:00,307,348,41
2,2017-09-15 10:00:00,103,102,-1
2,2017-09-15 12:00:00,118,100,-18
2,2017-09-15 14:00:00,149,169,20
2,2017-09-15 16:00:00,283,238,-45
2,2017-09-15 18:00:00,171,206,35
2,2017-09-15 20:00:00,63,62,-1
2,2017-09-15 22:00:00,46,47,1
2,2017-09-16 00:00:00,30,36,6
2,2017-09-16 02:00:00,0,22,22
2,2017-09-16 04:00:00,5,9,4
2,2017-09-16 06:00:00,28,18,-10
2,2017-09-16 08:00:00,63,53,-10
2,2017-09-16 10:00:00,138,125,-13
2,2017-09-16 12:00:00,188,168,-20
2,2017-09-16 14:00:00,196,138,-58
2,2017-09-16 16:00:00,139,172,33
2,2017-09-16 18:00:00,95,135,40
2,2017-09-16 20:00:00,39,50,11
2,2017-09-16 22:00:00,38,57,19
2,2017-09-17 00:00:00,19,28,9
2,2017-09-17 02:00:00,12,19,7
2,2017-09-17 04:00:00,4,13,9
2,2017-09-17 06:00:00,9,16,7
2,2017-09-17 08:00:00,54,50,-4
2,2017-09-17 10:00:00,165,121,-44
2,2017-09-17 12:00:00,156,150,-6
2,2017-09-17 14:00:00,181,178,-3
2,2017-09-17 16:00:00,149,196,47
2,2017-09-17 18:00:00,90,131,41
2,2017-09-17 20:00:00,48,54,6
2,2017-09-17 22:00:00,25,34,9
2,2017-09-18 00:00:00,3,12,9
2,2017-09-18 02:00:00,1,1,0
2,2017-09-18 04:00:00,4,7,3
2,2017-09-18 06:00:00,140,122,-18
2,2017-09-18 08:00:00,327,375,48
2,2017-09-18 10:00:00,67,78,11
2,2017-09-18 12:00:00,66,104,38
2,2017-09-18 14:00:00,87,83,-4
2,2017-09-18 16:00:00,304,208,-96
2,2017-09-18 18:00:00,291,278,-13
2,2017-09-18 20:00:00,64,96,32
2,2017-09-18 22:00:00,10,15,5
2,2017-09-19 00:00:00,1,2,1
2,2017-09-19 02:00:00,3,3,0
2,2017-09-19 04:00:00,8,13,5
2,2017-09-19 06:00:00,155,142,-13
2,2017-09-19 08:00:00,322,387,65
2,2017-09-19 10:00:00,96,96,0
2,2017-09-19 12:00:00,106,103,-3
2,2017-09-19 14:00:00,126,115,-11
2,2017-09-19 16:00:00,343,220,-123
2,2017-09-19 18:00:00,272,302,30
2,2017-09-19 20:00:00,82,105,23
2,2017-09-19 22:00:00,35,44,9
3,2017-08-01 00:00:00,6,14,8
3,2017-08-01 02:00:00,2,9,7
3,2017-08-01 04:00:00,12,2,-10
3,2017-08-01 06:00:00,73,30,-43
3,2017-08-01 08:00:00,180,91,-89
3,2017-08-01 10:00:00,45,26,-19
3,2017-08-01 12:00:00,39,39,0
3,2017-08-01 14:00:00,37,41,4
3,2017-08-01 16:00:00,84,81,-3
3,2017-08-01 18:00:00,111,200,89
3,2017-08-01 20:00:00,47,100,53
3,2017-08-01 22:00:00,18,46,28
3,2017-08-02 00:00:00,7,15,8
3,2017-08-02 02:00:00,3,2,-1
3,2017-08-02 04:00:00,6,1,-5
3,2017-08-02 06:00:00,93,31,-62
3,2017-08-02 08:00:00,153,77,-76
3,2017-08-02 10:00:00,32,26,-6
3,2017-08-02 12:00:00,13,13,0
3,2017-08-02 14:00:00,5,5,0
3,2017-08-02 16:00:00,41,37,-4
3,2017-08-02 18:00:00,61,117,56
3,2017-08-02 20:00:00,23,62,39
3,2017-08-02 22:00:00,6,31,25
3,2017-08-03 00:00:00,3,9,6
3,2017-08-03 02:00:00,2,3,1
3,2017-08-03 04:00:00,8,4,-4
3,2017-08-03 06:00:00,81,19,-62
3,2017-08-03 08:00:00,140,72,-68
3,2017-08-03 10:00:00,27,32,5
3,2017-08-03 12:00:00,29,31,2
3,2017-08-03 14:00:00,27,39,12
3,2017-08-03 16:00:00,69,65,-4
3,2017-08-03 18:00:00,85,139,54
3,2017-08-03 20:00:00,37,74,37
3,2017-08-03 22:00:00,12,49,37
3,2017-08-04 00:00:00,7,15,8
3,2017-08-04 02:00:00,2,10,8
3,2017-08-04 04:00:00,7,4,-3
3,2017-08-04 06:00:00,70,26,-44
3,2017-08-04 08:00:00,145,76,-69
3,2017-08-04 10:00:00,54,33,-21
3,2017-08-04 12:00:00,38,38,0
3,2017-08-04 14:00:00,39,35,-4
3,2017-08-04 16:00:00,64,65,1
3,2017-08-04 18:00:00,68,123,55
3,2017-08-04 20:00:00,35,67,32
3,2017-08-04 22:00:00,22,46,24
3,2017-08-05 00:00:00,9,18,9
3,2017-08-05 02:00:00,2,13,11
3,2017-08-05 04:00:00,2,3,1
3,2017-08-05 06:00:00,18,2,-16
3,2017-08-05 08:00:00,45,22,-23
3,2017-08-05 10:00:00,70,48,-22
3,2017-08-05 12:00:00,57,56,-1
3,2017-08-05 14:00:00,71,65,-6
3,2017-08-05 16:00:00,77,57,-20
3,2017-08-05 18:00:00,52,76,24
3,2017-08-05 20:00:00,36,40,4
3,2017-08-05 22:00:00,12,40,28
3,2017-08-06 00:00:00,7,24,17
3,2017-08-06 02:00:00,6,14,8
3,2017-08-06 04:00:00,3,5,2
3,2017-08-06 06:00:00,9,5,-4
3,2017-08-06 08:00:00,34,12,-22
3,2017-08-06 10:00:00,80,25,-55
3,2017-08-06 12:00:00,104,58,-46
3,2017-08-06 14:00:00,71,57,-14
3,2017-08-06 16:00:00,53,93,40
3,2017-08-06 18:00:00,55,105,50
3,2017-08-06 20:00:00,23,45,22
3,2017-08-06 22:00:00,7,35,28
3,2017-08-07 00:00:00,5,11,6
3,2017-08-07 02:00:00,3,3,0
3,2017-08-07 04:00:00,11,3,-8
3,2017-08-07 06:00:00,82,25,-57
3,2017-08-07 08:00:00,138,76,-62
3,2017-08-07 10:00:00,29,24,-5
3,2017-08-07 12:00:00,27,26,-1
3,2017-08-07 14:00:00,30,35,5
3,2017-08-07 16:00:00,64,88,24
3,2017-08-07 18:00:00,73,152,79
3,2017-08-07 20:00:00,18,44,26
3,2017-08-07 22:00:00,10,24,14
3,2017-08-08 00:00:00,5,16,11
3,2017-08-08 02:00:00,1,2,1
3,2017-08-08 04:00:00,6,3,-3
3,2017-08-08 06:00:00,76,22,-54
3,2017-08-08 08:00:00,132,82,-50
3,2017-08-08 10:00:00,27,22,-5
3,2017-08-08 12:00:00,31,28,-3
3,2017-08-08 14:00:00,45,37,-8
3,2017-08-08 16:00:00,72,80,8
3,2017-08-08 18:00:00,79,161,82
3,2017-08-08 20:00:00,46,67,21
3,2017-08-08 22:00:00,19,35,16
3,2017-08-09 00:00:00,2,9,7
3,2017-08-09 02:00:00,4,0,-4
3,2017-08-09 04:00:00,5,3,-2
3,2017-08-09 06:00:00,62,17,-45
3,2017-08-09 08:00:00,75,38,-37
3,2017-08-09 10:00:00,5,6,1
3,2017-08-09 12:00:00,7,7,0
3,2017-08-09 14:00:00,6,3,-3
3,2017-08-09 16:00:00,12,31,19
3,2017-08-09 18:00:00,15,36,21
3,2017-08-09 20:00:00,4,13,9
3,2017-08-09 22:00:00,11,20,9
3,2017-08-10 00:00:00,5,8,3
3,2017-08-10 02:00:00,0,2,2
3,2017-08-10 04:00:00,4,2,-2
3,2017-08-10 06:00:00,83,10,-73
3,2017-08-10 08:00:00,140,69,-71
3,2017-08-10 10:00:00,34,25,-9
3,2017-08-10 12:00:00,37,36,-1
3,2017-08-10 14:00:00,32,44,12
3,2017-08-10 16:00:00,78,102,24
3,2017-08-10 18:00:00,97,156,59
3,2017-08-10 20:00:00,53,93,40
3,2017-08-10 22:00:00,16,50,34
3,2017-08-11 00:00:00,7,10,3
3,2017-08-11 02:00:00,1,10,9
3,2017-08-11 04:00:00,8,3,-5
3,2017-08-11 06:00:00,77,24,-53
3,2017-08-11 08:00:00,121,80,-41
3,2017-08-11 10:00:00,47,26,-21
3,2017-08-11 12:00:00,37,35,-2
3,2017-08-11 14:00:00,48,58,10
3,2017-08-11 16:00:00,69,82,13
3,2017-08-11 18:00:00,70,105,35
3,2017-08-11 20:00:00,28,59,31
3,2017-08-11 22:00:00,17,33,16
3,2017-08-12 00:00:00,7,34,27
3,2017-08-12 02:00:00,6,11,5
3,2017-08-12 04:00:00,3,2,-1
3,2017-08-12 06:00:00,15,4,-11
3,2017-08-12 08:00:00,49,20,-29
3,2017-08-12 10:00:00,72,47,-25
3,2017-08-12 12:00:00,101,66,-35
3,2017-08-12 14:00:00,85,53,-32
3,2017-08-12 16:00:00,49,72,23
3,2017-08-12 18:00:00,61,94,33
3,2017-08-12 20:00:00,33,41,8
3,2017-08-12 22:00:00,24,33,9
3,2017-08-13 00:00:00,11,29,18
3,2017-08-13 02:00:00,3,12,9
3,2017-08-13 04:00:00,2,3,1
3,2017-08-13 06:00:00,11,7,-4
3,2017-08-13 08:00:00,31,8,-23
3,2017-08-13 10:00:00,70,46,-24
3,2017-08-13 12:00:00,128,68,-60
3,2017-08-13 14:00:00,84,119,35
3,2017-08-13 16:00:00,85,101,16
3,2017-08-13 18:00:00,52,105,53
3,2017-08-13 20:00:00,34,55,21
3,2017-08-13 22:00:00,13,28,15
3,2017-08-14 00:00:00,5,10,5
3,2017-08-14 02:00:00,1,4,3
3,2017-08-14 04:00:00,7,3,-4
3,2017-08-14 06:00:00,81,26,-55
3,2017-08-14 08:00:00,144,69,-75
3,2017-08-14 10:00:00,47,22,-25
3,2017-08-14 12:00:00,45,25,-20
3,2017-08-14 14:00:00,32,35,3
3,2017-08-14 16:00:00,64,80,16
3,2017-08-14 18:00:00,97,188,91
3,2017-08-14 20:00:00,36,86,50
3,2017-08-14 22:00:00,23,39,16
3,2017-08-15 00:00:00,3,15,12
3,2017-08-15 02:00:00,0,0,0
3,2017-08-15 04:00:00,9,3,-6
3,2017-08-15 06:00:00,75,27,-48
3,2017-08-15 08:00:00,163,85,-78
3,2017-08-15 10:00:00,61,24,-37
3,2017-08-15 12:00:00,35,28,-7
3,2017-08-15 14:00:00,41,32,-9
3,2017-08-15 16:00:00,84,74,-10
3,2017-08-15 18:00:00,115,181,66
3,2017-08-15 20:00:00,50,77,27
3,2017-08-15 22:00:00,21,36,15
3,2017-08-16 00:00:00,11,13,2
3,2017-08-16 02:00:00,1,6,5
3,2017-08-16 04:00:00,8,2,-6
3,2017-08-16 06:00:00,81,25,-56
3,2017-08-16 08:00:00,146,90,-56
3,2017-08-16 10:00:00,36,25,-11
3,2017-08-16 12:00:00,36,30,-6
3,2017-08-16 14:00:00,36,36,0
3,2017-08-16 16:00:00,87,65,-22
3,2017-08-16 18:00:00,89,187,98
3,2017-08-16 20:00:00,40,85,45
3,2017-08-16 22:00:00,26,38,12
3,2017-08-17 00:00:00,1,6,5
3,2017-08-17 02:00:00,2,1,-1
3,2017-08-17 04:00:00,6,2,-4
3,2017-08-17 06:00:00,68,18,-50
3,2017-08-17 08:00:00,113,73,-40
3,2017-08-17 10:00:00,46,25,-21
3,2017-08-17 12:00:00,29,21,-8
3,2017-08-17 14:00:00,27,19,-8
3,2017-08-17 16:00:00,74,70,-4
3,2017-08-17 18:00:00,95,143,48
3,2017-08-17 20:00:00,48,81,33
3,2017-08-17 22:00:00,11,45,34
3,2017-08-18 00:00:00,5,18,13
3,2017-08-18 02:00:00,5,3,-2
3,2017-08-18 04:00:00,5,1,-4
3,2017-08-18 06:00:00,73,20,-53
3,2017-08-18 08:00:00,127,67,-60
3,2017-08-18 10:00:00,40,21,-19
3,2017-08-18 12:00:00,33,14,-19
3,2017-08-18 14:00:00,19,22,3
3,2017-08-18 16:00:00,59,65,6
3,2017-08-18 18:00:00,65,98,33
3,2017-08-18 20:00:00,24,54,30
3,2017-08-18 22:00:00,14,27,13
3,2017-08-19 00:00:00,4,8,4
3,2017-08-19 02:00:00,5,6,1
3,2017-08-19 04:00:00,3,5,2
3,2017-08-19 06:00:00,16,1,-15
3,2017-08-19 08:00:00,56,26,-30
3,2017-08-19 10:00:00,62,37,-25
3,2017-08-19 12:00:00,75,82,7
3,2017-08-19 14:00:00,77,64,-13
3,2017-08-19 16:00:00,79,78,-1
3,2017-08-19 18:00:00,45,64,19
3,2017-08-19 20:00:00,25,46,21
3,2017-08-19 22:00:00,8,33,25
3,2017-08-20 00:00:00,10,15,5
3,2017-08-20 02:00:00,1,11,10
3,2017-08-20 04:00:00,3,1,-2
3,2017-08-20 06:00:00,14,3,-11
3,2017-08-20 08:00:00,30,12,-18
3,2017-08-20 10:00:00,61,31,-30
3,2017-08-20 12:00:00,70,69,-1
3,2017-08-20 14:00:00,73,75,2
3,2017-08-20 16:00:00,62,67,5
3,2017-08-20 18:00:00,24,61,37
3,2017-08-20 20:00:00,12,22,10
3,2017-08-20 22:00:00,1,19,18
3,2017-08-21 00:00:00,3,0,-3
3,2017-08-21 02:00:00,1,2,1
3,2017-08-21 04:00:00,8,0,-8
3,2017-08-21 06:00:00,49,13,-36
3,2017-08-21 08:00:00,106,72,-34
3,2017-08-21 10:00:00,28,14,-14
3,2017-08-21 12:00:00,40,27,-13
3,2017-08-21 14:00:00,28,27,-1
3,2017-08-21 16:00:00,59,81,22
3,2017-08-21 18:00:00,83,159,76
3,2017-08-21 20:00:00,33,79,46
3,2017-08-21 22:00:00,16,22,6
3,2017-08-22 00:00:00,5,7,2
3,2017-08-22 02:00:00,0,2,2
3,2017-08-22 04:00:00,7,3,-4
3,2017-08-22 06:00:00,58,21,-37
3,2017-08-22 08:00:00,168,73,-95
3,2017-08-22 10:00:00,33,21,-12
3,2017-08-22 12:00:00,35,35,0
3,2017-08-22 14:00:00,31,30,-1
3,2017-08-22 16:00:00,72,77,5
3,2017-08-22 18:00:00,80,175,95
3,2017-08-22 20:00:00,33,73,40
3,2017-08-22 22:00:00,21,28,7
3,2017-08-23 00:00:00,5,6,1
3,2017-08-23 02:00:00,0,11,11
3,2017-08-23 04:00:00,5,1,-4
3,2017-08-23 06:00:00,71,22,-49
3,2017-08-23 08:00:00,159,72,-87
3,2017-08-23 10:00:00,40,23,-17
3,2017-08-23 12:00:00,39,20,-19
3,2017-08-23 14:00:00,31,36,5
3,2017-08-23 16:00:00,79,78,-1
3,2017-08-23 18:00:00,93,166,73
3,2017-08-23 20:00:00,37,72,35
3,2017-08-23 22:00:00,19,31,12
3,2017-08-24 00:00:00,5,17,12
3,2017-08-24 02:00:00,4,3,-1
3,2017-08-24 04:00:00,5,5,0
3,2017-08-24 06:00:00,59,19,-40
3,2017-08-24 08:00:00,160,76,-84
3,2017-08-24 10:00:00,45,24,-21
3,2017-08-24 12:00:00,42,22,-20
3,2017-08-24 14:00:00,37,41,4
3,2017-08-24 16:00:00,71,69,-2
3,2017-08-24 18:00:00,91,140,49
3,2017-08-24 20:00:00,34,64,30
3,2017-08-24 22:00:00,15,40,25
3,2017-08-25 00:00:00,5,15,10
3,2017-08-25 02:00:00,3,8,5
3,2017-08-25 04:00:00,9,2,-7
3,2017-08-25 06:00:00,49,26,-23
3,2017-08-25 08:00:00,131,71,-60
3,2017-08-25 10:00:00,45,27,-18
3,2017-08-25 12:00:00,39,34,-5
3,2017-08-25 14:00:00,55,46,-9
3,2017-08-25 16:00:00,73,80,7
3,2017-08-25 18:00:00,71,147,76
3,2017-08-25 20:00:00,27,76,49
3,2017-08-25 22:00:00,14,44,30
3,2017-08-26 00:00:00,17,20,3
3,2017-08-26 02:00:00,4,10,6
3,2017-08-26 04:00:00,3,7,4
3,2017-08-26 06:00:00,10,10,0
3,2017-08-26 08:00:00,48,18,-30
3,2017-08-26 10:00:00,82,47,-35
3,2017-08-26 12:00:00,113,76,-37
3,2017-08-26 14:00:00,69,70,1
3,2017-08-26 16:00:00,86,99,13
3,2017-08-26 18:00:00,53,67,14
3,2017-08-26 20:00:00,32,49,17
3,2017-08-26 22:00:00,21,36,15
3,2017-08-27 00:00:00,8,31,23
3,2017-08-27 02:00:00,8,22,14
3,2017-08-27 04:00:00,3,4,1
3,2017-08-27 06:00:00,20,19,-1
3,2017-08-27 08:00:00,40,18,-22
3,2017-08-27 10:00:00,72,30,-42
3,2017-08-27 12:00:00,110,59,-51
3,2017-08-27 14:00:00,118,88,-30
3,2017-08-27 16:00:00,65,88,23
3,2017-08-27 18:00:00,65,119,54
3,2017-08-27 20:00:00,48,69,21
3,2017-08-27 22:00:00,13,40,27
3,2017-08-28 00:00:00,11,31,20
3,2017-08-28 02:00:00,3,18,15
3,2017-08-28 04:00:00,4,4,0
3,2017-08-28 06:00:00,13,7,-6
3,2017-08-28 08:00:00,37,6,-31
3,2017-08-28 10:00:00,72,29,-43
3,2017-08-28 12:00:00,146,61,-85
3,2017-08-28 14:00:00,123,85,-38
3,2017-08-28 16:00:00,75,139,64
3,2017-08-28 18:00:00,62,115,53
3,2017-08-28 20:00:00,37,79,42
3,2017-08-28 22:00:00,14,35,21
3,2017-08-29 00:00:00,9,14,5
3,2017-08-29 02:00:00,5,10,5
3,2017-08-29 04:00:00,6,3,-3
3,2017-08-29 06:00:00,69,32,-37
3,2017-08-29 08:00:00,134,63,-71
3,2017-08-29 10:00:00,41,30,-11
3,2017-08-29 12:00:00,31,31,0
3,2017-08-29 14:00:00,37,48,11
3,2017-08-29 16:00:00,71,85,14
3,2017-08-29 18:00:00,116,169,53
3,2017-08-29 20:00:00,29,79,50
3,2017-08-29 22:00:00,7,29,22
3,2017-08-30 00:00:00,6,6,0
3,2017-08-30 02:00:00,2,2,0
3,2017-08-30 04:00:00,6,1,-5
3,2017-08-30 06:00:00,72,23,-49
3,2017-08-30 08:00:00,123,72,-51
3,2017-08-30 10:00:00,29,23,-6
3,2017-08-30 12:00:00,15,12,-3
3,2017-08-30 14:00:00,4,6,2
3,2017-08-30 16:00:00,40,33,-7
3,2017-08-30 18:00:00,59,101,42
3,2017-08-30 20:00:00,20,55,35
3,2017-08-30 22:00:00,13,20,7
3,2017-08-31 00:00:00,5,8,3
3,2017-08-31 02:00:00,2,0,-2
3,2017-08-31 04:00:00,5,3,-2
3,2017-08-31 06:00:00,58,23,-35
3,2017-08-31 08:00:00,162,70,-92
3,2017-08-31 10:00:00,54,26,-28
3,2017-08-31 12:00:00,44,56,12
3,2017-08-31 14:00:00,52,30,-22
3,2017-08-31 16:00:00,66,79,13
3,2017-08-31 18:00:00,119,136,17
3,2017-08-31 20:00:00,37,78,41
3,2017-08-31 22:00:00,9,40,31
3,2017-09-01 00:00:00,4,21,17
3,2017-09-01 02:00:00,2,4,2
3,2017-09-01 04:00:00,6,2,-4
3,2017-09-01 06:00:00,61,17,-44
3,2017-09-01 08:00:00,150,91,-59
3,2017-09-01 10:00:00,43,22,-21
3,2017-09-01 12:00:00,48,33,-15
3,2017-09-01 14:00:00,45,42,-3
3,2017-09-01 16:00:00,76,93,17
3,2017-09-01 18:00:00,89,124,35
3,2017-09-01 20:00:00,24,54,30
3,2017-09-01 22:00:00,21,28,7
3,2017-09-02 00:00:00,8,32,24
3,2017-09-02 02:00:00,5,0,-5
3,2017-09-02 04:00:00,1,7,6
3,2017-09-02 06:00:00,14,6,-8
3,2017-09-02 08:00:00,58,20,-38
3,2017-09-02 10:00:00,94,41,-53
3,2017-09-02 12:00:00,94,65,-29
3,2017-09-02 14:00:00,91,64,-27
3,2017-09-02 16:00:00,67,87,20
3,2017-09-02 18:00:00,70,111,41
3,2017-09-02 20:00:00,39,43,4
3,2017-09-02 22:00:00,24,29,5
3,2017-09-03 00:00:00,10,25,15
3,2017-09-03 02:00:00,1,9,8
3,2017-09-03 04:00:00,0,3,3
3,2017-09-03 06:00:00,12,7,-5
3,2017-09-03 08:00:00,41,19,-22
3,2017-09-03 10:00:00,84,46,-38
3,2017-09-03 12:00:00,75,67,-8
3,2017-09-03 14:00:00,57,54,-3
3,2017-09-03 16:00:00,46,36,-10
3,2017-09-03 18:00:00,36,52,16
3,2017-09-03 20:00:00,14,21,7
3,2017-09-03 22:00:00,6,15,9
3,2017-09-04 00:00:00,1,5,4
3,2017-09-04 02:00:00,0,0,0
3,2017-09-04 04:00:00,3,0,-3
3,2017-09-04 06:00:00,41,23,-18
3,2017-09-04 08:00:00,80,62,-18
3,2017-09-04 10:00:00,21,20,-1
3,2017-09-04 12:00:00,32,19,-13
3,2017-09-04 14:00:00,33,34,1
3,2017-09-04 16:00:00,66,76,10
3,2017-09-04 18:00:00,89,140,51
3,2017-09-04 20:00:00,36,56,20
3,2017-09-04 22:00:00,11,21,10
3,2017-09-05 00:00:00,3,9,6
3,2017-09-05 02:00:00,5,4,-1
3,2017-09-05 04:00:00,2,0,-2
3,2017-09-05 06:00:00,68,31,-37
3,2017-09-05 08:00:00,137,89,-48
3,2017-09-05 10:00:00,54,32,-22
3,2017-09-05 12:00:00,31,27,-4
3,2017-09-05 14:00:00,39,44,5
3,2017-09-05 16:00:00,81,63,-18
3,2017-09-05 18:00:00,106,157,51
3,2017-09-05 20:00:00,23,72,49
3,2017-09-05 22:00:00,14,23,9
3,2017-09-06 00:00:00,7,8,1
3,2017-09-06 02:00:00,1,6,5
3,2017-09-06 04:00:00,6,0,-6
3,2017-09-06 06:00:00,94,30,-64
3,2017-09-06 08:00:00,161,107,-54
3,2017-09-06 10:00:00,48,30,-18
3,2017-09-06 12:00:00,29,39,10
3,2017-09-06 14:00:00,36,38,2
3,2017-09-06 16:00:00,67,80,13
3,2017-09-06 18:00:00,111,155,44
3,2017-09-06 20:00:00,37,82,45
3,2017-09-06 22:00:00,23,52,29
3,2017-09-07 00:00:00,8,13,5
3,2017-09-07 02:00:00,2,8,6
3,2017-09-07 04:00:00,1,1,0
3,2017-09-07 06:00:00,75,31,-44
3,2017-09-07 08:00:00,164,96,-68
3,2017-09-07 10:00:00,44,24,-20
3,2017-09-07 12:00:00,30,27,-3
3,2017-09-07 14:00:00,41,40,-1
3,2017-09-07 16:00:00,85,67,-18
3,2017-09-07 18:00:00,95,163,68
3,2017-09-07 20:00:00,27,74,47
3,2017-09-07 22:00:00,19,48,29
3,2017-09-08 00:00:00,8,19,11
3,2017-09-08 02:00:00,3,2,-1
3,2017-09-08 04:00:00,4,5,1
3,2017-09-08 06:00:00,30,12,-18
3,2017-09-08 08:00:00,74,58,-16
3,2017-09-08 10:00:00,25,15,-10
3,2017-09-08 12:00:00,23,14,-9
3,2017-09-08 14:00:00,32,30,-2
3,2017-09-08 16:00:00,71,65,-6
3,2017-09-08 18:00:00,59,102,43
3,2017-09-08 20:00:00,23,44,21
3,2017-09-08 22:00:00,11,34,23
3,2017-09-09 00:00:00,7,24,17
3,2017-09-09 02:00:00,4,15,11
3,2017-09-09 04:00:00,2,10,8
3,2017-09-09 06:00:00,15,8,-7
3,2017-09-09 08:00:00,70,24,-46
3,2017-09-09 10:00:00,90,49,-41
3,2017-09-09 12:00:00,87,83,-4
3,2017-09-09 14:00:00,67,82,15
3,2017-09-09 16:00:00,84,70,-14
3,2017-09-09 18:00:00,65,65,0
3,2017-09-09 20:00:00,15,26,11
3,2017-09-09 22:00:00,14,41,27
3,2017-09-10 00:00:00,8,27,19
3,2017-09-10 02:00:00,4,15,11
3,2017-09-10 04:00:00,3,3,0
3,2017-09-10 06:00:00,11,3,-8
3,2017-09-10 08:00:00,49,17,-32
3,2017-09-10 10:00:00,93,43,-50
3,2017-09-10 12:00:00,73,72,-1
3,2017-09-10 14:00:00,58,59,1
3,2017-09-10 16:00:00,50,73,23
3,2017-09-10 18:00:00,24,46,22
3,2017-09-10 20:00:00,15,25,10
3,2017-09-10 22:00:00,4,9,5
3,2017-09-11 00:00:00,3,10,7
3,2017-09-11 02:00:00,1,4,3
3,2017-09-11 04:00:00,6,2,-4
3,2017-09-11 06:00:00,68,29,-39
3,2017-09-11 08:00:00,101,61,-40
3,2017-09-11 10:00:00,41,16,-25
3,2017-09-11 12:00:00,41,36,-5
3,2017-09-11 14:00:00,45,46,1
3,2017-09-11 16:00:00,44,44,0
3,2017-09-11 18:00:00,78,139,61
3,2017-09-11 20:00:00,22,48,26
3,2017-09-11 22:00:00,10,26,16
3,2017-09-12 00:00:00,11,14,3
3,2017-09-12 02:00:00,1,0,-1
3,2017-09-12 04:00:00,5,1,-4
3,2017-09-12 06:00:00,85,29,-56
3,2017-09-12 08:00:00,150,94,-56
3,2017-09-12 10:00:00,44,29,-15
3,2017-09-12 12:00:00,37,32,-5
3,2017-09-12 14:00:00,54,33,-21
3,2017-09-12 16:00:00,81,82,1
3,2017-09-12 18:00:00,83,151,68
3,2017-09-12 20:00:00,18,36,18
3,2017-09-12 22:00:00,0,6,6
3,2017-09-13 00:00:00,4,6,2
3,2017-09-13 02:00:00,0,1,1
3,2017-09-13 04:00:00,4,1,-3
3,2017-09-13 06:00:00,72,28,-44
3,2017-09-13 08:00:00,136,94,-42
3,2017-09-13 10:00:00,38,28,-10
3,2017-09-13 12:00:00,36,37,1
3,2017-09-13 14:00:00,41,28,-13
3,2017-09-13 16:00:00,73,67,-6
3,2017-09-13 18:00:00,98,158,60
3,2017-09-13 20:00:00,31,64,33
3,2017-09-13 22:00:00,15,31,16
3,2017-09-14 00:00:00,2,8,6
3,2017-09-14 02:00:00,3,2,-1
3,2017-09-14 04:00:00,4,1,-3
3,2017-09-14 06:00:00,82,32,-50
3,2017-09-14 08:00:00,137,99,-38
3,2017-09-14 10:00:00,52,34,-18
3,2017-09-14 12:00:00,31,23,-8
3,2017-09-14 14:00:00,34,44,10
3,2017-09-14 16:00:00,78,65,-13
3,2017-09-14 18:00:00,71,124,53
3,2017-09-14 20:00:00,25,56,31
3,2017-09-14 22:00:00,15,33,18
3,2017-09-15 00:00:00,12,14,2
3,2017-09-15 02:00:00,1,5,4
3,2017-09-15 04:00:00,3,4,1
3,2017-09-15 06:00:00,70,21,-49
3,2017-09-15 08:00:00,151,95,-56
3,2017-09-15 10:00:00,40,26,-14
3,2017-09-15 12:00:00,53,33,-20
3,2017-09-15 14:00:00,48,57,9
3,2017-09-15 16:00:00,84,79,-5
3,2017-09-15 18:00:00,56,95,39
3,2017-09-15 20:00:00,28,35,7
3,2017-09-15 22:00:00,15,27,12
3,2017-09-16 00:00:00,6,22,16
3,2017-09-16 02:00:00,3,6,3
3,2017-09-16 04:00:00,1,4,3
3,2017-09-16 06:00:00,15,6,-9
3,2017-09-16 08:00:00,53,22,-31
3,2017-09-16 10:00:00,82,44,-38
3,2017-09-16 12:00:00,82,70,-12
3,2017-09-16 14:00:00,65,49,-16
3,2017-09-16 16:00:00,54,82,28
3,2017-09-16 18:00:00,74,83,9
3,2017-09-16 20:00:00,20,43,23
3,2017-09-16 22:00:00,13,27,14
3,2017-09-17 00:00:00,15,23,8
3,2017-09-17 02:00:00,4,16,12
3,2017-09-17 04:00:00,6,7,1
3,2017-09-17 06:00:00,4,4,0
3,2017-09-17 08:00:00,32,10,-22
3,2017-09-17 10:00:00,71,33,-38
3,2017-09-17 12:00:00,96,56,-40
3,2017-09-17 14:00:00,61,77,16
3,2017-09-17 16:00:00,61,90,29
3,2017-09-17 18:00:00,36,78,42
3,2017-09-17 20:00:00,32,34,2
3,2017-09-17 22:00:00,3,24,21
3,2017-09-18 00:00:00,5,11,6
3,2017-09-18 02:00:00,1,1,0
3,2017-09-18 04:00:00,2,0,-2
3,2017-09-18 06:00:00,79,27,-52
3,2017-09-18 08:00:00,124,88,-36
3,2017-09-18 10:00:00,35,25,-10
3,2017-09-18 12:00:00,28,26,-2
3,2017-09-18 14:00:00,27,38,11
3,2017-09-18 16:00:00,81,77,-4
3,2017-09-18 18:00:00,82,149,67
3,2017-09-18 20:00:00,24,46,22
3,2017-09-18 22:00:00,6,23,17
3,2017-09-19 00:00:00,2,7,5
3,2017-09-19 02:00:00,2,3,1
3,2017-09-19 04:00:00,2,5,3
3,2017-09-19 06:00:00,86,24,-62
3,2017-09-19 08:00:00,162,100,-62
3,2017-09-19 10:00:00,34,33,-1
3,2017-09-19 12:00:00,34,27,-7
3,2017-09-19 14:00:00,44,34,-10
3,2017-09-19 16:00:00,68,91,23
3,2017-09-19 18:00:00,100,140,40
3,2017-09-19 20:00:00,32,85,53
3,2017-09-19 22:00:00,14,40,26
4,2017-08-01 00:00:00,31,23,-8
4,2017-08-01 02:00:00,8,7,-1
4,2017-08-01 04:00:00,6,13,7
4,2017-08-01 06:00:00,173,235,62
4,2017-08-01 08:00:00,400,921,521
4,2017-08-01 10:00:00,154,254,100
4,2017-08-01 12:00:00,247,274,27
4,2017-08-01 14:00:00,299,267,-32
4,2017-08-01 16:00:00,733,515,-218
4,2017-08-01 18:00:00,707,463,-244
4,2017-08-01 20:00:00,258,126,-132
4,2017-08-01 22:00:00,71,44,-27
4,2017-08-02 00:00:00,28,20,-8
4,2017-08-02 02:00:00,13,12,-1
4,2017-08-02 04:00:00,11,10,-1
4,2017-08-02 06:00:00,158,212,54
4,2017-08-02 08:00:00,397,843,446
4,2017-08-02 10:00:00,163,223,60
4,2017-08-02 12:00:00,87,158,71
4,2017-08-02 14:00:00,65,53,-12
4,2017-08-02 16:00:00,359,253,-106
4,2017-08-02 18:00:00,430,288,-142
4,2017-08-02 20:00:00,196,82,-114
4,2017-08-02 22:00:00,89,31,-58
4,2017-08-03 00:00:00,23,9,-14
4,2017-08-03 02:00:00,17,11,-6
4,2017-08-03 04:00:00,13,17,4
4,2017-08-03 06:00:00,154,214,60
4,2017-08-03 08:00:00,337,806,469
4,2017-08-03 10:00:00,134,196,62
4,2017-08-03 12:00:00,195,244,49
4,2017-08-03 14:00:00,218,206,-12
4,2017-08-03 16:00:00,650,449,-201
4,2017-08-03 18:00:00,594,452,-142
4,2017-08-03 20:00:00,227,122,-105
4,2017-08-03 22:00:00,127,41,-86
4,2017-08-04 00:00:00,43,36,-7
4,2017-08-04 02:00:00,12,10,-2
4,2017-08-04 04:00:00,7,11,4
4,2017-08-04 06:00:00,115,170,55
4,2017-08-04 08:00:00,343,741,398
4,2017-08-04 10:00:00,151,246,95
4,2017-08-04 12:00:00,219,263,44
4,2017-08-04 14:00:00,315,304,-11
4,2017-08-04 16:00:00,620,441,-179
4,2017-08-04 18:00:00,486,388,-98
4,2017-08-04 20:00:00,212,158,-54
4,2017-08-04 22:00:00,161,69,-92
4,2017-08-05 00:00:00,77,37,-40
4,2017-08-05 02:00:00,38,25,-13
4,2017-08-05 04:00:00,7,14,7
4,2017-08-05 06:00:00,13,20,7
4,2017-08-05 08:00:00,56,85,29
4,2017-08-05 10:00:00,146,221,75
4,2017-08-05 12:00:00,137,245,108
4,2017-08-05 14:00:00,223,284,61
4,2017-08-05 16:00:00,313,312,-1
4,2017-08-05 18:00:00,304,329,25
4,2017-08-05 20:00:00,192,159,-33
4,2017-08-05 22:00:00,193,97,-96
4,2017-08-06 00:00:00,77,38,-39
4,2017-08-06 02:00:00,35,20,-15
4,2017-08-06 04:00:00,10,8,-2
4,2017-08-06 06:00:00,12,16,4
4,2017-08-06 08:00:00,45,72,27
4,2017-08-06 10:00:00,130,240,110
4,2017-08-06 12:00:00,230,305,75
4,2017-08-06 14:00:00,305,339,34
4,2017-08-06 16:00:00,336,354,18
4,2017-08-06 18:00:00,291,238,-53
4,2017-08-06 20:00:00,168,122,-46
4,2017-08-06 22:00:00,88,74,-14
4,2017-08-07 00:00:00,36,25,-11
4,2017-08-07 02:00:00,8,7,-1
4,2017-08-07 04:00:00,5,11,6
4,2017-08-07 06:00:00,153,193,40
4,2017-08-07 08:00:00,350,736,386
4,2017-08-07 10:00:00,106,194,88
4,2017-08-07 12:00:00,189,217,28
4,2017-08-07 14:00:00,232,230,-2
4,2017-08-07 16:00:00,656,457,-199
4,2017-08-07 18:00:00,568,353,-215
4,2017-08-07 20:00:00,126,83,-43
4,2017-08-07 22:00:00,55,44,-11
4,2017-08-08 00:00:00,19,12,-7
4,2017-08-08 02:00:00,6,15,9
4,2017-08-08 04:00:00,9,18,9
4,2017-08-08 06:00:00,165,193,28
4,2017-08-08 08:00:00,390,777,387
4,2017-08-08 10:00:00,136,222,86
4,2017-08-08 12:00:00,221,213,-8
4,2017-08-08 14:00:00,268,240,-28
4,2017-08-08 16:00:00,627,464,-163
4,2017-08-08 18:00:00,550,371,-179
4,2017-08-08 20:00:00,170,81,-89
4,2017-08-08 22:00:00,52,27,-25
4,2017-08-09 00:00:00,10,21,11
4,2017-08-09 02:00:00,5,12,7
4,2017-08-09 04:00:00,4,10,6
4,2017-08-09 06:00:00,107,165,58
4,2017-08-09 08:00:00,164,440,276
4,2017-08-09 10:00:00,18,44,26
4,2017-08-09 12:00:00,56,57,1
4,2017-08-09 14:00:00,30,25,-5
4,2017-08-09 16:00:00,153,78,-75
4,2017-08-09 18:00:00,106,68,-38
4,2017-08-09 20:00:00,31,18,-13
4,2017-08-09 22:00:00,44,11,-33
4,2017-08-10 00:00:00,27,9,-18
4,2017-08-10 02:00:00,10,8,-2
4,2017-08-10 04:00:00,7,12,5
4,2017-08-10 06:00:00,171,177,6
4,2017-08-10 08:00:00,355,780,425
4,2017-08-10 10:00:00,171,225,54
4,2017-08-10 12:00:00,212,255,43
4,2017-08-10 14:00:00,234,217,-17
4,2017-08-10 16:00:00,605,479,-126
4,2017-08-10 18:00:00,684,470,-214
4,2017-08-10 20:00:00,224,132,-92
4,2017-08-10 22:00:00,120,60,-60
4,2017-08-11 00:00:00,26,18,-8
4,2017-08-11 02:00:00,19,26,7
4,2017-08-11 04:00:00,9,12,3
4,2017-08-11 06:00:00,115,166,51
4,2017-08-11 08:00:00,314,674,360
4,2017-08-11 10:00:00,167,256,89
4,2017-08-11 12:00:00,268,279,11
4,2017-08-11 14:00:00,325,270,-55
4,2017-08-11 16:00:00,573,454,-119
4,2017-08-11 18:00:00,395,401,6
4,2017-08-11 20:00:00,204,145,-59
4,2017-08-11 22:00:00,163,62,-101
4,2017-08-12 00:00:00,46,35,-11
4,2017-08-12 02:00:00,31,19,-12
4,2017-08-12 04:00:00,11,14,3
4,2017-08-12 06:00:00,10,21,11
4,2017-08-12 08:00:00,61,75,14
4,2017-08-12 10:00:00,142,232,90
4,2017-08-12 12:00:00,222,303,81
4,2017-08-12 14:00:00,296,308,12
4,2017-08-12 16:00:00,336,384,48
4,2017-08-12 18:00:00,307,331,24
4,2017-08-12 20:00:00,210,194,-16
4,2017-08-12 22:00:00,117,83,-34
4,2017-08-13 00:00:00,103,50,-53
4,2017-08-13 02:00:00,57,31,-26
4,2017-08-13 04:00:00,10,5,-5
4,2017-08-13 06:00:00,21,20,-1
4,2017-08-13 08:00:00,47,94,47
4,2017-08-13 10:00:00,184,232,48
4,2017-08-13 12:00:00,258,358,100
4,2017-08-13 14:00:00,341,404,63
4,2017-08-13 16:00:00,349,314,-35
4,2017-08-13 18:00:00,348,312,-36
4,2017-08-13 20:00:00,192,140,-52
4,2017-08-13 22:00:00,98,66,-32
4,2017-08-14 00:00:00,28,22,-6
4,2017-08-14 02:00:00,11,7,-4
4,2017-08-14 04:00:00,11,13,2
4,2017-08-14 06:00:00,146,185,39
4,2017-08-14 08:00:00,368,776,408
4,2017-08-14 10:00:00,149,287,138
4,2017-08-14 12:00:00,205,253,48
4,2017-08-14 14:00:00,261,229,-32
4,2017-08-14 16:00:00,706,518,-188
4,2017-08-14 18:00:00,658,390,-268
4,2017-08-14 20:00:00,200,118,-82
4,2017-08-14 22:00:00,72,55,-17
4,2017-08-15 00:00:00,23,25,2
4,2017-08-15 02:00:00,7,9,2
4,2017-08-15 04:00:00,7,12,5
4,2017-08-15 06:00:00,158,201,43
4,2017-08-15 08:00:00,393,795,402
4,2017-08-15 10:00:00,138,266,128
4,2017-08-15 12:00:00,242,290,48
4,2017-08-15 14:00:00,280,248,-32
4,2017-08-15 16:00:00,696,497,-199
4,2017-08-15 18:00:00,715,447,-268
4,2017-08-15 20:00:00,249,147,-102
4,2017-08-15 22:00:00,107,73,-34
4,2017-08-16 00:00:00,15,28,13
4,2017-08-16 02:00:00,11,5,-6
4,2017-08-16 04:00:00,8,18,10
4,2017-08-16 06:00:00,160,205,45
4,2017-08-16 08:00:00,358,823,465
4,2017-08-16 10:00:00,142,267,125
4,2017-08-16 12:00:00,239,256,17
4,2017-08-16 14:00:00,255,267,12
4,2017-08-16 16:00:00,626,455,-171
4,2017-08-16 18:00:00,680,492,-188
4,2017-08-16 20:00:00,258,137,-121
4,2017-08-16 22:00:00,123,42,-81
4,2017-08-17 00:00:00,22,23,1
4,2017-08-17 02:00:00,8,0,-8
4,2017-08-17 04:00:00,2,11,9
4,2017-08-17 06:00:00,90,161,71
4,2017-08-17 08:00:00,304,664,360
4,2017-08-17 10:00:00,106,221,115
4,2017-08-17 12:00:00,235,231,-4
4,2017-08-17 14:00:00,244,238,-6
4,2017-08-17 16:00:00,607,421,-186
4,2017-08-17 18:00:00,542,430,-112
4,2017-08-17 20:00:00,226,110,-116
4,2017-08-17 22:00:00,105,60,-45
4,2017-08-18 00:00:00,29,24,-5
4,2017-08-18 02:00:00,5,13,8
4,2017-08-18 04:00:00,5,7,2
4,2017-08-18 06:00:00,104,158,54
4,2017-08-18 08:00:00,288,696,408
4,2017-08-18 10:00:00,165,209,44
4,2017-08-18 12:00:00,204,215,11
4,2017-08-18 14:00:00,188,170,-18
4,2017-08-18 16:00:00,423,286,-137
4,2017-08-18 18:00:00,409,338,-71
4,2017-08-18 20:00:00,164,122,-42
4,2017-08-18 22:00:00,138,68,-70
4,2017-08-19 00:00:00,42,32,-10
4,2017-08-19 02:00:00,37,17,-20
4,2017-08-19 04:00:00,7,13,6
4,2017-08-19 06:00:00,17,23,6
4,2017-08-19 08:00:00,60,78,18
4,2017-08-19 10:00:00,126,221,95
4,2017-08-19 12:00:00,191,310,119
4,2017-08-19 14:00:00,309,312,3
4,2017-08-19 16:00:00,336,346,10
4,2017-08-19 18:00:00,302,298,-4
4,2017-08-19 20:00:00,170,142,-28
4,2017-08-19 22:00:00,135,108,-27
4,2017-08-20 00:00:00,79,37,-42
4,2017-08-20 02:00:00,44,18,-26
4,2017-08-20 04:00:00,14,8,-6
4,2017-08-20 06:00:00,15,23,8
4,2017-08-20 08:00:00,51,62,11
4,2017-08-20 10:00:00,158,264,106
4,2017-08-20 12:00:00,225,346,121
4,2017-08-20 14:00:00,346,314,-32
4,2017-08-20 16:00:00,321,291,-30
4,2017-08-20 18:00:00,149,200,51
4,2017-08-20 20:00:00,80,63,-17
4,2017-08-20 22:00:00,35,16,-19
4,2017-08-21 00:00:00,13,12,-1
4,2017-08-21 02:00:00,6,1,-5
4,2017-08-21 04:00:00,2,9,7
4,2017-08-21 06:00:00,85,133,48
4,2017-08-21 08:00:00,244,535,291
4,2017-08-21 10:00:00,100,169,69
4,2017-08-21 12:00:00,150,205,55
4,2017-08-21 14:00:00,187,210,23
4,2017-08-21 16:00:00,593,400,-193
4,2017-08-21 18:00:00,516,300,-216
4,2017-08-21 20:00:00,130,77,-53
4,2017-08-21 22:00:00,52,35,-17
4,2017-08-22 00:00:00,24,26,2
4,2017-08-22 02:00:00,7,17,10
4,2017-08-22 04:00:00,7,12,5
4,2017-08-22 06:00:00,143,180,37
4,2017-08-22 08:00:00,355,799,444
4,2017-08-22 10:00:00,152,235,83
4,2017-08-22 12:00:00,214,237,23
4,2017-08-22 14:00:00,215,239,24
4,2017-08-22 16:00:00,633,446,-187
4,2017-08-22 18:00:00,624,411,-213
4,2017-08-22 20:00:00,144,83,-61
4,2017-08-22 22:00:00,56,44,-12
4,2017-08-23 00:00:00,19,16,-3
4,2017-08-23 02:00:00,11,17,6
4,2017-08-23 04:00:00,6,20,14
4,2017-08-23 06:00:00,154,206,52
4,2017-08-23 08:00:00,359,813,454
4,2017-08-23 10:00:00,143,231,88
4,2017-08-23 12:00:00,188,227,39
4,2017-08-23 14:00:00,224,238,14
4,2017-08-23 16:00:00,684,478,-206
4,2017-08-23 18:00:00,600,460,-140
4,2017-08-23 20:00:00,218,135,-83
4,2017-08-23 22:00:00,99,41,-58
4,2017-08-24 00:00:00,17,13,-4
4,2017-08-24 02:00:00,7,14,7
4,2017-08-24 04:00:00,8,15,7
4,2017-08-24 06:00:00,165,189,24
4,2017-08-24 08:00:00,366,785,419
4,2017-08-24 10:00:00,123,230,107
4,2017-08-24 12:00:00,223,240,17
4,2017-08-24 14:00:00,215,242,27
4,2017-08-24 16:00:00,624,445,-179
4,2017-08-24 18:00:00,606,439,-167
4,2017-08-24 20:00:00,243,113,-130
4,2017-08-24 22:00:00,117,65,-52
4,2017-08-25 00:00:00,48,24,-24
4,2017-08-25 02:00:00,22,15,-7
4,2017-08-25 04:00:00,10,15,5
4,2017-08-25 06:00:00,129,162,33
4,2017-08-25 08:00:00,283,615,332
4,2017-08-25 10:00:00,140,247,107
4,2017-08-25 12:00:00,264,271,7
4,2017-08-25 14:00:00,296,291,-5
4,2017-08-25 16:00:00,581,493,-88
4,2017-08-25 18:00:00,458,369,-89
4,2017-08-25 20:00:00,258,122,-136
4,2017-08-25 22:00:00,167,102,-65
4,2017-08-26 00:00:00,103,46,-57
4,2017-08-26 02:00:00,44,22,-22
4,2017-08-26 04:00:00,19,9,-10
4,2017-08-26 06:00:00,14,39,25
4,2017-08-26 08:00:00,47,79,32
4,2017-08-26 10:00:00,176,218,42
4,2017-08-26 12:00:00,240,348,108
4,2017-08-26 14:00:00,289,373,84
4,2017-08-26 16:00:00,397,381,-16
4,2017-08-26 18:00:00,289,286,-3
4,2017-08-26 20:00:00,206,170,-36
4,2017-08-26 22:00:00,210,91,-119
4,2017-08-27 00:00:00,101,63,-38
4,2017-08-27 02:00:00,43,30,-13
4,2017-08-27 04:00:00,16,14,-2
4,2017-08-27 06:00:00,49,40,-9
4,2017-08-27 08:00:00,55,75,20
4,2017-08-27 10:00:00,149,195,46
4,2017-08-27 12:00:00,242,340,98
4,2017-08-27 14:00:00,312,365,53
4,2017-08-27 16:00:00,356,322,-34
4,2017-08-27 18:00:00,362,310,-52
4,2017-08-27 20:00:00,232,219,-13
4,2017-08-27 22:00:00,166,103,-63
4,2017-08-28 00:00:00,112,66,-46
4,2017-08-28 02:00:00,56,34,-22
4,2017-08-28 04:00:00,19,8,-11
4,2017-08-28 06:00:00,26,30,4
4,2017-08-28 08:00:00,46,90,44
4,2017-08-28 10:00:00,153,213,60
4,2017-08-28 12:00:00,282,344,62
4,2017-08-28 14:00:00,351,335,-16
4,2017-08-28 16:00:00,385,334,-51
4,2017-08-28 18:00:00,344,320,-24
4,2017-08-28 20:00:00,188,129,-59
4,2017-08-28 22:00:00,129,105,-24
4,2017-08-29 00:00:00,43,24,-19
4,2017-08-29 02:00:00,16,26,10
4,2017-08-29 04:00:00,8,19,11
4,2017-08-29 06:00:00,141,203,62
4,2017-08-29 08:00:00,324,773,449
4,2017-08-29 10:00:00,144,228,84
4,2017-08-29 12:00:00,193,250,57
4,2017-08-29 14:00:00,239,224,-15
4,2017-08-29 16:00:00,656,415,-241
4,2017-08-29 18:00:00,588,345,-243
4,2017-08-29 20:00:00,148,93,-55
4,2017-08-29 22:00:00,49,44,-5
4,2017-08-30 00:00:00,20,18,-2
4,2017-08-30 02:00:00,2,7,5
4,2017-08-30 04:00:00,3,9,6
4,2017-08-30 06:00:00,145,192,47
4,2017-08-30 08:00:00,317,728,411
4,2017-08-30 10:00:00,88,178,90
4,2017-08-30 12:00:00,46,61,15
4,2017-08-30 14:00:00,47,45,-2
4,2017-08-30 16:00:00,322,140,-182
4,2017-08-30 18:00:00,400,248,-152
4,2017-08-30 20:00:00,137,69,-68
4,2017-08-30 22:00:00,63,39,-24
4,2017-08-31 00:00:00,11,17,6
4,2017-08-31 02:00:00,5,3,-2
4,2017-08-31 04:00:00,4,7,3
4,2017-08-31 06:00:00,157,194,37
4,2017-08-31 08:00:00,336,846,510
4,2017-08-31 10:00:00,142,232,90
4,2017-08-31 12:00:00,224,222,-2
4,2017-08-31 14:00:00,220,234,14
4,2017-08-31 16:00:00,605,423,-182
4,2017-08-31 18:00:00,613,432,-181
4,2017-08-31 20:00:00,177,101,-76
4,2017-08-31 22:00:00,121,51,-70
4,2017-09-01 00:00:00,32,26,-6
4,2017-09-01 02:00:00,23,8,-15
4,2017-09-01 04:00:00,7,16,9
4,2017-09-01 06:00:00,124,172,48
4,2017-09-01 08:00:00,269,778,509
4,2017-09-01 10:00:00,128,260,132
4,2017-09-01 12:00:00,246,284,38
4,2017-09-01 14:00:00,280,244,-36
4,2017-09-01 16:00:00,591,425,-166
4,2017-09-01 18:00:00,489,388,-101
4,2017-09-01 20:00:00,178,126,-52
4,2017-09-01 22:00:00,161,86,-75
4,2017-09-02 00:00:00,81,74,-7
4,2017-09-02 02:00:00,35,24,-11
4,2017-09-02 04:00:00,9,11,2
4,2017-09-02 06:00:00,12,34,22
4,2017-09-02 08:00:00,53,97,44
4,2017-09-02 10:00:00,123,240,117
4,2017-09-02 12:00:00,259,416,157
4,2017-09-02 14:00:00,336,350,14
4,2017-09-02 16:00:00,419,385,-34
4,2017-09-02 18:00:00,324,340,16
4,2017-09-02 20:00:00,197,159,-38
4,2017-09-02 22:00:00,185,109,-76
4,2017-09-03 00:00:00,110,55,-55
4,2017-09-03 02:00:00,45,25,-20
4,2017-09-03 04:00:00,15,13,-2
4,2017-09-03 06:00:00,11,27,16
4,2017-09-03 08:00:00,56,69,13
4,2017-09-03 10:00:00,122,186,64
4,2017-09-03 12:00:00,205,283,78
4,2017-09-03 14:00:00,222,270,48
4,2017-09-03 16:00:00,178,202,24
4,2017-09-03 18:00:00,135,116,-19
4,2017-09-03 20:00:00,97,45,-52
4,2017-09-03 22:00:00,45,41,-4
4,2017-09-04 00:00:00,8,7,-1
4,2017-09-04 02:00:00,3,1,-2
4,2017-09-04 04:00:00,0,10,10
4,2017-09-04 06:00:00,109,134,25
4,2017-09-04 08:00:00,300,558,258
4,2017-09-04 10:00:00,67,125,58
4,2017-09-04 12:00:00,165,179,14
4,2017-09-04 14:00:00,183,170,-13
4,2017-09-04 16:00:00,571,393,-178
4,2017-09-04 18:00:00,521,350,-171
4,2017-09-04 20:00:00,129,61,-68
4,2017-09-04 22:00:00,42,37,-5
4,2017-09-05 00:00:00,19,16,-3
4,2017-09-05 02:00:00,10,10,0
4,2017-09-05 04:00:00,12,11,-1
4,2017-09-05 06:00:00,168,211,43
4,2017-09-05 08:00:00,419,807,388
4,2017-09-05 10:00:00,129,229,100
4,2017-09-05 12:00:00,173,161,-12
4,2017-09-05 14:00:00,182,208,26
4,2017-09-05 16:00:00,510,368,-142
4,2017-09-05 18:00:00,523,363,-160
4,2017-09-05 20:00:00,185,89,-96
4,2017-09-05 22:00:00,50,32,-18
4,2017-09-06 00:00:00,26,7,-19
4,2017-09-06 02:00:00,8,6,-2
4,2017-09-06 04:00:00,8,12,4
4,2017-09-06 06:00:00,180,222,42
4,2017-09-06 08:00:00,401,869,468
4,2017-09-06 10:00:00,133,268,135
4,2017-09-06 12:00:00,237,249,12
4,2017-09-06 14:00:00,236,177,-59
4,2017-09-06 16:00:00,635,433,-202
4,2017-09-06 18:00:00,639,498,-141
4,2017-09-06 20:00:00,241,109,-132
4,2017-09-06 22:00:00,122,63,-59
4,2017-09-07 00:00:00,39,20,-19
4,2017-09-07 02:00:00,17,7,-10
4,2017-09-07 04:00:00,7,9,2
4,2017-09-07 06:00:00,178,232,54
4,2017-09-07 08:00:00,391,914,523
4,2017-09-07 10:00:00,150,228,78
4,2017-09-07 12:00:00,206,198,-8
4,2017-09-07 14:00:00,229,235,6
4,2017-09-07 16:00:00,585,466,-119
4,2017-09-07 18:00:00,637,487,-150
4,2017-09-07 20:00:00,224,109,-115
4,2017-09-07 22:00:00,122,59,-63
4,2017-09-08 00:00:00,52,28,-24
4,2017-09-08 02:00:00,26,10,-16
4,2017-09-08 04:00:00,11,11,0
4,2017-09-08 06:00:00,53,97,44
4,2017-09-08 08:00:00,182,381,199
4,2017-09-08 10:00:00,107,173,66
4,2017-09-08 12:00:00,56,56,0
4,2017-09-08 14:00:00,164,145,-19
4,2017-09-08 16:00:00,510,394,-116
4,2017-09-08 18:00:00,372,309,-63
4,2017-09-08 20:00:00,138,95,-43
4,2017-09-08 22:00:00,107,52,-55
4,2017-09-09 00:00:00,51,25,-26
4,2017-09-09 02:00:00,41,24,-17
4,2017-09-09 04:00:00,6,13,7
4,2017-09-09 06:00:00,16,26,10
4,2017-09-09 08:00:00,68,83,15
4,2017-09-09 10:00:00,123,220,97
4,2017-09-09 12:00:00,221,317,96
4,2017-09-09 14:00:00,303,304,1
4,2017-09-09 16:00:00,267,319,52
4,2017-09-09 18:00:00,235,202,-33
4,2017-09-09 20:00:00,157,118,-39
4,2017-09-09 22:00:00,129,68,-61
4,2017-09-10 00:00:00,62,50,-12
4,2017-09-10 02:00:00,46,21,-25
4,2017-09-10 04:00:00,10,19,9
4,2017-09-10 06:00:00,11,26,15
4,2017-09-10 08:00:00,65,65,0
4,2017-09-10 10:00:00,150,217,67
4,2017-09-10 12:00:00,208,325,117
4,2017-09-10 14:00:00,245,281,36
4,2017-09-10 16:00:00,186,185,-1
4,2017-09-10 18:00:00,70,87,17
4,2017-09-10 20:00:00,92,35,-57
4,2017-09-10 22:00:00,49,44,-5
4,2017-09-11 00:00:00,22,12,-10
4,2017-09-11 02:00:00,9,5,-4
4,2017-09-11 04:00:00,4,9,5
4,2017-09-11 06:00:00,133,173,40
4,2017-09-11 08:00:00,327,709,382
4,2017-09-11 10:00:00,101,169,68
4,2017-09-11 12:00:00,166,201,35
4,2017-09-11 14:00:00,169,164,-5
4,2017-09-11 16:00:00,396,278,-118
4,2017-09-11 18:00:00,541,318,-223
4,2017-09-11 20:00:00,111,47,-64
4,2017-09-11 22:00:00,67,35,-32
4,2017-09-12 00:00:00,21,12,-9
4,2017-09-12 02:00:00,16,6,-10
4,2017-09-12 04:00:00,7,6,-1
4,2017-09-12 06:00:00,181,193,12
4,2017-09-12 08:00:00,423,931,508
4,2017-09-12 10:00:00,135,196,61
4,2017-09-12 12:00:00,216,211,-5
4,2017-09-12 14:00:00,234,216,-18
4,2017-09-12 16:00:00,621,448,-173
4,2017-09-12 18:00:00,550,413,-137
4,2017-09-12 20:00:00,82,46,-36
4,2017-09-12 22:00:00,15,5,-10
4,2017-09-13 00:00:00,5,5,0
4,2017-09-13 02:00:00,5,4,-1
4,2017-09-13 04:00:00,4,9,5
4,2017-09-13 06:00:00,170,194,24
4,2017-09-13 08:00:00,382,837,455
4,2017-09-13 10:00:00,134,232,98
4,2017-09-13 12:00:00,202,257,55
4,2017-09-13 14:00:00,173,158,-15
4,2017-09-13 16:00:00,588,447,-141
4,2017-09-13 18:00:00,618,444,-174
4,2017-09-13 20:00:00,186,97,-89
4,2017-09-13 22:00:00,95,41,-54
4,2017-09-14 00:00:00,26,10,-16
4,2017-09-14 02:00:00,7,3,-4
4,2017-09-14 04:00:00,5,8,3
4,2017-09-14 06:00:00,169,216,47
4,2017-09-14 08:00:00,378,866,488
4,2017-09-14 10:00:00,130,238,108
4,2017-09-14 12:00:00,233,238,5
4,2017-09-14 14:00:00,241,213,-28
4,2017-09-14 16:00:00,597,480,-117
4,2017-09-14 18:00:00,471,409,-62
4,2017-09-14 20:00:00,199,100,-99
4,2017-09-14 22:00:00,111,59,-52
4,2017-09-15 00:00:00,41,18,-23
4,2017-09-15 02:00:00,11,5,-6
4,2017-09-15 04:00:00,6,15,9
4,2017-09-15 06:00:00,122,164,42
4,2017-09-15 08:00:00,356,801,445
4,2017-09-15 10:00:00,147,256,109
4,2017-09-15 12:00:00,259,271,12
4,2017-09-15 14:00:00,270,251,-19
4,2017-09-15 16:00:00,568,437,-131
4,2017-09-15 18:00:00,382,279,-103
4,2017-09-15 20:00:00,126,85,-41
4,2017-09-15 22:00:00,149,62,-87
4,2017-09-16 00:00:00,80,40,-40
4,2017-09-16 02:00:00,31,16,-15
4,2017-09-16 04:00:00,22,12,-10
4,2017-09-16 06:00:00,15,23,8
4,2017-09-16 08:00:00,71,89,18
4,2017-09-16 10:00:00,117,219,102
4,2017-09-16 12:00:00,194,294,100
4,2017-09-16 14:00:00,277,362,85
4,2017-09-16 16:00:00,322,303,-19
4,2017-09-16 18:00:00,238,308,70
4,2017-09-16 20:00:00,142,81,-61
4,2017-09-16 22:00:00,135,66,-69
4,2017-09-17 00:00:00,84,56,-28
4,2017-09-17 02:00:00,27,18,-9
4,2017-09-17 04:00:00,16,4,-12
4,2017-09-17 06:00:00,14,13,-1
4,2017-09-17 08:00:00,40,61,21
4,2017-09-17 10:00:00,131,207,76
4,2017-09-17 12:00:00,201,318,117
4,2017-09-17 14:00:00,273,337,64
4,2017-09-17 16:00:00,320,284,-36
4,2017-09-17 18:00:00,268,224,-44
4,2017-09-17 20:00:00,141,96,-45
4,2017-09-17 22:00:00,57,25,-32
4,2017-09-18 00:00:00,33,21,-12
4,2017-09-18 02:00:00,6,5,-1
4,2017-09-18 04:00:00,5,8,3
4,2017-09-18 06:00:00,158,173,15
4,2017-09-18 08:00:00,408,906,498
4,2017-09-18 10:00:00,114,185,71
4,2017-09-18 12:00:00,189,224,35
4,2017-09-18 14:00:00,181,184,3
4,2017-09-18 16:00:00,677,399,-278
4,2017-09-18 18:00:00,544,384,-160
4,2017-09-18 20:00:00,159,72,-87
4,2017-09-18 22:00:00,38,25,-13
4,2017-09-19 00:00:00,15,3,-12
4,2017-09-19 02:00:00,4,8,4
4,2017-09-19 04:00:00,5,13,8
4,2017-09-19 06:00:00,158,203,45
4,2017-09-19 08:00:00,416,908,492
4,2017-09-19 10:00:00,161,263,102
4,2017-09-19 12:00:00,238,246,8
4,2017-09-19 14:00:00,243,232,-11
4,2017-09-19 16:00:00,639,466,-173
4,2017-09-19 18:00:00,623,440,-183
4,2017-09-19 20:00:00,196,84,-112
4,2017-09-19 22:00:00,52,33,-19
5,2017-08-01 00:00:00,5,5,0
5,2017-08-01 02:00:00,0,3,3
5,2017-08-01 04:00:00,4,6,2
5,2017-08-01 06:00:00,42,43,1
5,2017-08-01 08:00:00,53,78,25
5,2017-08-01 10:00:00,9,12,3
5,2017-08-01 12:00:00,11,18,7
5,2017-08-01 14:00:00,23,16,-7
5,2017-08-01 16:00:00,75,38,-37
5,2017-08-01 18:00:00,79,78,-1
5,2017-08-01 20:00:00,21,38,17
5,2017-08-01 22:00:00,10,6,-4
5,2017-08-02 00:00:00,2,3,1
5,2017-08-02 02:00:00,0,5,5
5,2017-08-02 04:00:00,4,6,2
5,2017-08-02 06:00:00,37,42,5
5,2017-08-02 08:00:00,60,74,14
5,2017-08-02 10:00:00,13,13,0
5,2017-08-02 12:00:00,6,5,-1
5,2017-08-02 14:00:00,7,2,-5
5,2017-08-02 16:00:00,26,18,-8
5,2017-08-02 18:00:00,45,57,12
5,2017-08-02 20:00:00,21,24,3
5,2017-08-02 22:00:00,16,7,-9
5,2017-08-03 00:00:00,0,3,3
5,2017-08-03 02:00:00,0,2,2
5,2017-08-03 04:00:00,3,5,2
5,2017-08-03 06:00:00,30,35,5
5,2017-08-03 08:00:00,46,78,32
5,2017-08-03 10:00:00,15,8,-7
5,2017-08-03 12:00:00,11,18,7
5,2017-08-03 14:00:00,14,15,1
5,2017-08-03 16:00:00,59,32,-27
5,2017-08-03 18:00:00,69,59,-10
5,2017-08-03 20:00:00,19,45,26
5,2017-08-03 22:00:00,10,16,6
5,2017-08-04 00:00:00,6,8,2
5,2017-08-04 02:00:00,3,1,-2
5,2017-08-04 04:00:00,7,7,0
5,2017-08-04 06:00:00,28,35,7
5,2017-08-04 08:00:00,58,77,19
5,2017-08-04 10:00:00,16,13,-3
5,2017-08-04 12:00:00,13,16,3
5,2017-08-04 14:00:00,31,30,-1
5,2017-08-04 16:00:00,74,28,-46
5,2017-08-04 18:00:00,54,65,11
5,2017-08-04 20:00:00,20,31,11
5,2017-08-04 22:00:00,8,19,11
5,2017-08-05 00:00:00,5,19,14
5,2017-08-05 02:00:00,7,14,7
5,2017-08-05 04:00:00,2,2,0
5,2017-08-05 06:00:00,5,5,0
5,2017-08-05 08:00:00,10,6,-4
5,2017-08-05 10:00:00,27,34,7
5,2017-08-05 12:00:00,32,22,-10
5,2017-08-05 14:00:00,42,38,-4
5,2017-08-05 16:00:00,40,37,-3
5,2017-08-05 18:00:00,29,30,1
5,2017-08-05 20:00:00,17,37,20
5,2017-08-05 22:00:00,13,12,-1
5,2017-08-06 00:00:00,9,9,0
5,2017-08-06 02:00:00,3,4,1
5,2017-08-06 04:00:00,1,2,1
5,2017-08-06 06:00:00,2,7,5
5,2017-08-06 08:00:00,15,6,-9
5,2017-08-06 10:00:00,43,26,-17
5,2017-08-06 12:00:00,45,42,-3
5,2017-08-06 14:00:00,35,50,15
5,2017-08-06 16:00:00,53,80,27
5,2017-08-06 18:00:00,23,35,12
5,2017-08-06 20:00:00,15,32,17
5,2017-08-06 22:00:00,13,7,-6
5,2017-08-07 00:00:00,1,11,10
5,2017-08-07 02:00:00,1,2,1
5,2017-08-07 04:00:00,6,4,-2
5,2017-08-07 06:00:00,38,32,-6
5,2017-08-07 08:00:00,45,61,16
5,2017-08-07 10:00:00,19,10,-9
5,2017-08-07 12:00:00,10,15,5
5,2017-08-07 14:00:00,27,28,1
5,2017-08-07 16:00:00,65,38,-27
5,2017-08-07 18:00:00,71,87,16
5,2017-08-07 20:00:00,12,31,19
5,2017-08-07 22:00:00,7,5,-2
5,2017-08-08 00:00:00,1,5,4
5,2017-08-08 02:00:00,4,1,-3
5,2017-08-08 04:00:00,5,8,3
5,2017-08-08 06:00:00,40,34,-6
5,2017-08-08 08:00:00,56,80,24
5,2017-08-08 10:00:00,23,18,-5
5,2017-08-08 12:00:00,17,24,7
5,2017-08-08 14:00:00,28,12,-16
5,2017-08-08 16:00:00,70,30,-40
5,2017-08-08 18:00:00,81,79,-2
5,2017-08-08 20:00:00,25,30,5
5,2017-08-08 22:00:00,20,14,-6
5,2017-08-09 00:00:00,3,8,5
5,2017-08-09 02:00:00,0,3,3
5,2017-08-09 04:00:00,5,5,0
5,2017-08-09 06:00:00,36,38,2
5,2017-08-09 08:00:00,24,35,11
5,2017-08-09 10:00:00,5,4,-1
5,2017-08-09 12:00:00,5,2,-3
5,2017-08-09 14:00:00,1,2,1
5,2017-08-09 16:00:00,11,4,-7
5,2017-08-09 18:00:00,17,15,-2
5,2017-08-09 20:00:00,5,4,-1
5,2017-08-09 22:00:00,2,3,1
5,2017-08-10 00:00:00,3,1,-2
5,2017-08-10 02:00:00,0,0,0
5,2017-08-10 04:00:00,2,4,2
5,2017-08-10 06:00:00,38,32,-6
5,2017-08-10 08:00:00,55,77,22
5,2017-08-10 10:00:00,9,11,2
5,2017-08-10 12:00:00,10,16,6
5,2017-08-10 14:00:00,22,17,-5
5,2017-08-10 16:00:00,71,41,-30
5,2017-08-10 18:00:00,60,72,12
5,2017-08-10 20:00:00,17,30,13
5,2017-08-10 22:00:00,11,9,-2
5,2017-08-11 00:00:00,3,8,5
5,2017-08-11 02:00:00,1,2,1
5,2017-08-11 04:00:00,4,4,0
5,2017-08-11 06:00:00,24,32,8
5,2017-08-11 08:00:00,62,77,15
5,2017-08-11 10:00:00,21,14,-7
5,2017-08-11 12:00:00,14,19,5
5,2017-08-11 14:00:00,30,17,-13
5,2017-08-11 16:00:00,67,35,-32
5,2017-08-11 18:00:00,47,55,8
5,2017-08-11 20:00:00,18,20,2
5,2017-08-11 22:00:00,6,5,-1
5,2017-08-12 00:00:00,5,20,15
5,2017-08-12 02:00:00,1,5,4
5,2017-08-12 04:00:00,2,6,4
5,2017-08-12 06:00:00,4,4,0
5,2017-08-12 08:00:00,8,8,0
5,2017-08-12 10:00:00,31,29,-2
5,2017-08-12 12:00:00,45,47,2
5,2017-08-12 14:00:00,47,33,-14
5,2017-08-12 16:00:00,64,42,-22
5,2017-08-12 18:00:00,23,46,23
5,2017-08-12 20:00:00,32,46,14
5,2017-08-12 22:00:00,12,28,16
5,2017-08-13 00:00:00,8,8,0
5,2017-08-13 02:00:00,0,10,10
5,2017-08-13 04:00:00,1,2,1
5,2017-08-13 06:00:00,3,1,-2
5,2017-08-13 08:00:00,17,11,-6
5,2017-08-13 10:00:00,48,36,-12
5,2017-08-13 12:00:00,85,48,-37
5,2017-08-13 14:00:00,66,80,14
5,2017-08-13 16:00:00,60,65,5
5,2017-08-13 18:00:00,56,61,5
5,2017-08-13 20:00:00,14,34,20
5,2017-08-13 22:00:00,11,8,-3
5,2017-08-14 00:00:00,2,11,9
5,2017-08-14 02:00:00,0,0,0
5,2017-08-14 04:00:00,2,4,2
5,2017-08-14 06:00:00,35,44,9
5,2017-08-14 08:00:00,63,83,20
5,2017-08-14 10:00:00,17,15,-2
5,2017-08-14 12:00:00,19,20,1
5,2017-08-14 14:00:00,23,15,-8
5,2017-08-14 16:00:00,84,39,-45
5,2017-08-14 18:00:00,84,88,4
5,2017-08-14 20:00:00,15,38,23
5,2017-08-14 22:00:00,8,9,1
5,2017-08-15 00:00:00,5,3,-2
5,2017-08-15 02:00:00,0,6,6
5,2017-08-15 04:00:00,6,5,-1
5,2017-08-15 06:00:00,44,41,-3
5,2017-08-15 08:00:00,67,106,39
5,2017-08-15 10:00:00,19,12,-7
5,2017-08-15 12:00:00,19,16,-3
5,2017-08-15 14:00:00,11,11,0
5,2017-08-15 16:00:00,87,41,-46
5,2017-08-15 18:00:00,115,115,0
5,2017-08-15 20:00:00,24,45,21
5,2017-08-15 22:00:00,7,7,0
5,2017-08-16 00:00:00,4,1,-3
5,2017-08-16 02:00:00,1,2,1
5,2017-08-16 04:00:00,6,4,-2
5,2017-08-16 06:00:00,41,46,5
5,2017-08-16 08:00:00,50,93,43
5,2017-08-16 10:00:00,16,9,-7
5,2017-08-16 12:00:00,14,15,1
5,2017-08-16 14:00:00,20,20,0
5,2017-08-16 16:00:00,70,31,-39
5,2017-08-16 18:00:00,111,92,-19
5,2017-08-16 20:00:00,20,34,14
5,2017-08-16 22:00:00,15,12,-3
5,2017-08-17 00:00:00,3,4,1
5,2017-08-17 02:00:00,0,0,0
5,2017-08-17 04:00:00,5,4,-1
5,2017-08-17 06:00:00,22,28,6
5,2017-08-17 08:00:00,27,60,33
5,2017-08-17 10:00:00,14,14,0
5,2017-08-17 12:00:00,4,8,4
5,2017-08-17 14:00:00,20,5,-15
5,2017-08-17 16:00:00,86,33,-53
5,2017-08-17 18:00:00,74,72,-2
5,2017-08-17 20:00:00,11,23,12
5,2017-08-17 22:00:00,12,11,-1
5,2017-08-18 00:00:00,2,5,3
5,2017-08-18 02:00:00,0,4,4
5,2017-08-18 04:00:00,0,3,3
5,2017-08-18 06:00:00,17,32,15
5,2017-08-18 08:00:00,44,71,27
5,2017-08-18 10:00:00,9,19,10
5,2017-08-18 12:00:00,17,14,-3
5,2017-08-18 14:00:00,13,16,3
5,2017-08-18 16:00:00,50,24,-26
5,2017-08-18 18:00:00,46,46,0
5,2017-08-18 20:00:00,18,20,2
5,2017-08-18 22:00:00,8,9,1
5,2017-08-19 00:00:00,3,4,1
5,2017-08-19 02:00:00,2,7,5
5,2017-08-19 04:00:00,2,4,2
5,2017-08-19 06:00:00,6,4,-2
5,2017-08-19 08:00:00,19,18,-1
5,2017-08-19 10:00:00,37,27,-10
5,2017-08-19 12:00:00,52,44,-8
5,2017-08-19 14:00:00,37,45,8
5,2017-08-19 16:00:00,50,47,-3
5,2017-08-19 18:00:00,45,69,24
5,2017-08-19 20:00:00,18,22,4
5,2017-08-19 22:00:00,11,5,-6
5,2017-08-20 00:00:00,8,3,-5
5,2017-08-20 02:00:00,2,9,7
5,2017-08-20 04:00:00,2,2,0
5,2017-08-20 06:00:00,2,2,0
5,2017-08-20 08:00:00,11,14,3
5,2017-08-20 10:00:00,43,28,-15
5,2017-08-20 12:00:00,63,47,-16
5,2017-08-20 14:00:00,47,44,-3
5,2017-08-20 16:00:00,52,40,-12
5,2017-08-20 18:00:00,19,20,1
5,2017-08-20 20:00:00,8,13,5
5,2017-08-20 22:00:00,7,6,-1
5,2017-08-21 00:00:00,2,4,2
5,2017-08-21 02:00:00,0,0,0
5,2017-08-21 04:00:00,0,3,3
5,2017-08-21 06:00:00,11,23,12
5,2017-08-21 08:00:00,26,50,24
5,2017-08-21 10:00:00,12,4,-8
5,2017-08-21 12:00:00,18,10,-8
5,2017-08-21 14:00:00,15,18,3
5,2017-08-21 16:00:00,72,43,-29
5,2017-08-21 18:00:00,77,53,-24
5,2017-08-21 20:00:00,11,21,10
5,2017-08-21 22:00:00,5,9,4
5,2017-08-22 00:00:00,2,9,7
5,2017-08-22 02:00:00,0,2,2
5,2017-08-22 04:00:00,0,4,4
5,2017-08-22 06:00:00,33,42,9
5,2017-08-22 08:00:00,60,96,36
5,2017-08-22 10:00:00,14,11,-3
5,2017-08-22 12:00:00,14,15,1
5,2017-08-22 14:00:00,22,16,-6
5,2017-08-22 16:00:00,79,40,-39
5,2017-08-22 18:00:00,75,82,7
5,2017-08-22 20:00:00,21,24,3
5,2017-08-22 22:00:00,5,12,7
5,2017-08-23 00:00:00,2,3,1
5,2017-08-23 02:00:00,0,1,1
5,2017-08-23 04:00:00,1,4,3
5,2017-08-23 06:00:00,35,39,4
5,2017-08-23 08:00:00,51,101,50
5,2017-08-23 10:00:00,18,20,2
5,2017-08-23 12:00:00,13,16,3
5,2017-08-23 14:00:00,22,18,-4
5,2017-08-23 16:00:00,61,35,-26
5,2017-08-23 18:00:00,91,80,-11
5,2017-08-23 20:00:00,16,23,7
5,2017-08-23 22:00:00,10,14,4
5,2017-08-24 00:00:00,1,7,6
5,2017-08-24 02:00:00,1,2,1
5,2017-08-24 04:00:00,2,7,5
5,2017-08-24 06:00:00,37,47,10
5,2017-08-24 08:00:00,48,76,28
5,2017-08-24 10:00:00,14,13,-1
5,2017-08-24 12:00:00,20,23,3
5,2017-08-24 14:00:00,22,18,-4
5,2017-08-24 16:00:00,84,36,-48
5,2017-08-24 18:00:00,74,68,-6
5,2017-08-24 20:00:00,16,26,10
5,2017-08-24 22:00:00,14,17,3
5,2017-08-25 00:00:00,2,8,6
5,2017-08-25 02:00:00,1,4,3
5,2017-08-25 04:00:00,2,3,1
5,2017-08-25 06:00:00,34,33,-1
5,2017-08-25 08:00:00,46,84,38
5,2017-08-25 10:00:00,19,15,-4
5,2017-08-25 12:00:00,17,17,0
5,2017-08-25 14:00:00,30,17,-13
5,2017-08-25 16:00:00,71,49,-22
5,2017-08-25 18:00:00,48,56,8
5,2017-08-25 20:00:00,12,27,15
5,2017-08-25 22:00:00,10,17,7
5,2017-08-26 00:00:00,7,19,12
5,2017-08-26 02:00:00,0,6,6
5,2017-08-26 04:00:00,0,2,2
5,2017-08-26 06:00:00,4,2,-2
5,2017-08-26 08:00:00,12,10,-2
5,2017-08-26 10:00:00,34,25,-9
5,2017-08-26 12:00:00,53,39,-14
5,2017-08-26 14:00:00,48,42,-6
5,2017-08-26 16:00:00,42,44,2
5,2017-08-26 18:00:00,32,42,10
5,2017-08-26 20:00:00,13,28,15
5,2017-08-26 22:00:00,6,13,7
5,2017-08-27 00:00:00,6,17,11
5,2017-08-27 02:00:00,5,12,7
5,2017-08-27 04:00:00,2,6,4
5,2017-08-27 06:00:00,2,4,2
5,2017-08-27 08:00:00,9,6,-3
5,2017-08-27 10:00:00,19,20,1
5,2017-08-27 12:00:00,48,40,-8
5,2017-08-27 14:00:00,47,50,3
5,2017-08-27 16:00:00,52,60,8
5,2017-08-27 18:00:00,34,44,10
5,2017-08-27 20:00:00,23,45,22
5,2017-08-27 22:00:00,12,15,3
5,2017-08-28 00:00:00,2,16,14
5,2017-08-28 02:00:00,2,11,9
5,2017-08-28 04:00:00,0,3,3
5,2017-08-28 06:00:00,6,8,2
5,2017-08-28 08:00:00,15,8,-7
5,2017-08-28 10:00:00,24,25,1
5,2017-08-28 12:00:00,56,63,7
5,2017-08-28 14:00:00,64,38,-26
5,2017-08-28 16:00:00,70,57,-13
5,2017-08-28 18:00:00,44,51,7
5,2017-08-28 20:00:00,14,34,20
5,2017-08-28 22:00:00,9,17,8
5,2017-08-29 00:00:00,3,9,6
5,2017-08-29 02:00:00,0,0,0
5,2017-08-29 04:00:00,1,4,3
5,2017-08-29 06:00:00,27,47,20
5,2017-08-29 08:00:00,59,79,20
5,2017-08-29 10:00:00,17,12,-5
5,2017-08-29 12:00:00,16,11,-5
5,2017-08-29 14:00:00,14,17,3
5,2017-08-29 16:00:00,93,46,-47
5,2017-08-29 18:00:00,69,82,13
5,2017-08-29 20:00:00,16,26,10
5,2017-08-29 22:00:00,6,5,-1
5,2017-08-30 00:00:00,1,3,2
5,2017-08-30 02:00:00,1,4,3
5,2017-08-30 04:00:00,1,4,3
5,2017-08-30 06:00:00,25,36,11
5,2017-08-30 08:00:00,41,71,30
5,2017-08-30 10:00:00,7,11,4
5,2017-08-30 12:00:00,4,4,0
5,2017-08-30 14:00:00,7,1,-6
5,2017-08-30 16:00:00,32,18,-14
5,2017-08-30 18:00:00,44,37,-7
5,2017-08-30 20:00:00,20,16,-4
5,2017-08-30 22:00:00,6,6,0
5,2017-08-31 00:00:00,1,2,1
5,2017-08-31 02:00:00,0,0,0
5,2017-08-31 04:00:00,2,5,3
5,2017-08-31 06:00:00,30,33,3
5,2017-08-31 08:00:00,51,86,35
5,2017-08-31 10:00:00,15,15,0
5,2017-08-31 12:00:00,6,6,0
5,2017-08-31 14:00:00,22,12,-10
5,2017-08-31 16:00:00,72,33,-39
5,2017-08-31 18:00:00,77,87,10
5,2017-08-31 20:00:00,17,14,-3
5,2017-08-31 22:00:00,16,13,-3
5,2017-09-01 00:00:00,1,8,7
5,2017-09-01 02:00:00,2,2,0
5,2017-09-01 04:00:00,1,5,4
5,2017-09-01 06:00:00,29,35,6
5,2017-09-01 08:00:00,58,72,14
5,2017-09-01 10:00:00,20,27,7
5,2017-09-01 12:00:00,16,18,2
5,2017-09-01 14:00:00,20,11,-9
5,2017-09-01 16:00:00,77,52,-25
5,2017-09-01 18:00:00,60,67,7
5,2017-09-01 20:00:00,25,13,-12
5,2017-09-01 22:00:00,7,18,11
5,2017-09-02 00:00:00,7,12,5
5,2017-09-02 02:00:00,7,18,11
5,2017-09-02 04:00:00,0,6,6
5,2017-09-02 06:00:00,7,7,0
5,2017-09-02 08:00:00,19,14,-5
5,2017-09-02 10:00:00,48,34,-14
5,2017-09-02 12:00:00,54,45,-9
5,2017-09-02 14:00:00,73,55,-18
5,2017-09-02 16:00:00,73,50,-23
5,2017-09-02 18:00:00,39,49,10
5,2017-09-02 20:00:00,15,34,19
5,2017-09-02 22:00:00,14,12,-2
5,2017-09-03 00:00:00,6,15,9
5,2017-09-03 02:00:00,1,7,6
5,2017-09-03 04:00:00,3,4,1
5,2017-09-03 06:00:00,4,2,-2
5,2017-09-03 08:00:00,14,13,-1
5,2017-09-03 10:00:00,30,32,2
5,2017-09-03 12:00:00,57,52,-5
5,2017-09-03 14:00:00,42,34,-8
5,2017-09-03 16:00:00,23,32,9
5,2017-09-03 18:00:00,4,27,23
5,2017-09-03 20:00:00,7,13,6
5,2017-09-03 22:00:00,7,11,4
5,2017-09-04 00:00:00,3,5,2
5,2017-09-04 02:00:00,0,0,0
5,2017-09-04 04:00:00,4,2,-2
5,2017-09-04 06:00:00,21,19,-2
5,2017-09-04 08:00:00,34,50,16
5,2017-09-04 10:00:00,3,8,5
5,2017-09-04 12:00:00,5,7,2
5,2017-09-04 14:00:00,18,12,-6
5,2017-09-04 16:00:00,73,48,-25
5,2017-09-04 18:00:00,85,73,-12
5,2017-09-04 20:00:00,15,20,5
5,2017-09-04 22:00:00,7,7,0
5,2017-09-05 00:00:00,2,3,1
5,2017-09-05 02:00:00,2,4,2
5,2017-09-05 04:00:00,5,5,0
5,2017-09-05 06:00:00,35,36,1
5,2017-09-05 08:00:00,44,83,39
5,2017-09-05 10:00:00,8,10,2
5,2017-09-05 12:00:00,11,17,6
5,2017-09-05 14:00:00,17,8,-9
5,2017-09-05 16:00:00,40,23,-17
5,2017-09-05 18:00:00,62,78,16
5,2017-09-05 20:00:00,12,22,10
5,2017-09-05 22:00:00,9,1,-8
5,2017-09-06 00:00:00,2,4,2
5,2017-09-06 02:00:00,0,1,1
5,2017-09-06 04:00:00,1,4,3
5,2017-09-06 06:00:00,34,40,6
5,2017-09-06 08:00:00,49,86,37
5,2017-09-06 10:00:00,8,13,5
5,2017-09-06 12:00:00,20,8,-12
5,2017-09-06 14:00:00,12,11,-1
5,2017-09-06 16:00:00,53,32,-21
5,2017-09-06 18:00:00,91,85,-6
5,2017-09-06 20:00:00,23,26,3
5,2017-09-06 22:00:00,10,9,-1
5,2017-09-07 00:00:00,2,0,-2
5,2017-09-07 02:00:00,1,4,3
5,2017-09-07 04:00:00,2,3,1
5,2017-09-07 06:00:00,30,35,5
5,2017-09-07 08:00:00,60,94,34
5,2017-09-07 10:00:00,14,19,5
5,2017-09-07 12:00:00,20,10,-10
5,2017-09-07 14:00:00,20,20,0
5,2017-09-07 16:00:00,106,34,-72
5,2017-09-07 18:00:00,54,73,19
5,2017-09-07 20:00:00,17,16,-1
5,2017-09-07 22:00:00,12,17,5
5,2017-09-08 00:00:00,12,4,-8
5,2017-09-08 02:00:00,1,4,3
5,2017-09-08 04:00:00,2,3,1
5,2017-09-08 06:00:00,17,21,4
5,2017-09-08 08:00:00,19,34,15
5,2017-09-08 10:00:00,7,10,3
5,2017-09-08 12:00:00,3,2,-1
5,2017-09-08 14:00:00,19,12,-7
5,2017-09-08 16:00:00,48,32,-16
5,2017-09-08 18:00:00,37,39,2
5,2017-09-08 20:00:00,18,6,-12
5,2017-09-08 22:00:00,11,14,3
5,2017-09-09 00:00:00,5,10,5
5,2017-09-09 02:00:00,0,10,10
5,2017-09-09 04:00:00,2,1,-1
5,2017-09-09 06:00:00,7,9,2
5,2017-09-09 08:00:00,17,11,-6
5,2017-09-09 10:00:00,43,28,-15
5,2017-09-09 12:00:00,46,54,8
5,2017-09-09 14:00:00,49,52,3
5,2017-09-09 16:00:00,44,36,-8
5,2017-09-09 18:00:00,31,33,2
5,2017-09-09 20:00:00,12,13,1
5,2017-09-09 22:00:00,12,10,-2
5,2017-09-10 00:00:00,5,7,2
5,2017-09-10 02:00:00,0,8,8
5,2017-09-10 04:00:00,0,4,4
5,2017-09-10 06:00:00,1,3,2
5,2017-09-10 08:00:00,8,14,6
5,2017-09-10 10:00:00,34,33,-1
5,2017-09-10 12:00:00,46,53,7
5,2017-09-10 14:00:00,25,41,16
5,2017-09-10 16:00:00,20,13,-7
5,2017-09-10 18:00:00,11,22,11
5,2017-09-10 20:00:00,7,8,1
5,2017-09-10 22:00:00,6,7,1
5,2017-09-11 00:00:00,2,2,0
5,2017-09-11 02:00:00,0,2,2
5,2017-09-11 04:00:00,3,5,2
5,2017-09-11 06:00:00,25,32,7
5,2017-09-11 08:00:00,31,52,21
5,2017-09-11 10:00:00,8,15,7
5,2017-09-11 12:00:00,10,7,-3
5,2017-09-11 14:00:00,6,11,5
5,2017-09-11 16:00:00,35,18,-17
5,2017-09-11 18:00:00,69,61,-8
5,2017-09-11 20:00:00,6,11,5
5,2017-09-11 22:00:00,7,8,1
5,2017-09-12 00:00:00,3,1,-2
5,2017-09-12 02:00:00,0,0,0
5,2017-09-12 04:00:00,5,3,-2
5,2017-09-12 06:00:00,41,37,-4
5,2017-09-12 08:00:00,51,93,42
5,2017-09-12 10:00:00,18,22,4
5,2017-09-12 12:00:00,16,15,-1
5,2017-09-12 14:00:00,11,21,10
5,2017-09-12 16:00:00,80,36,-44
5,2017-09-12 18:00:00,70,69,-1
5,2017-09-12 20:00:00,6,15,9
5,2017-09-12 22:00:00,1,1,0
5,2017-09-13 00:00:00,0,0,0
5,2017-09-13 02:00:00,0,0,0
5,2017-09-13 04:00:00,1,2,1
5,2017-09-13 06:00:00,27,39,12
5,2017-09-13 08:00:00,45,81,36
5,2017-09-13 10:00:00,19,17,-2
5,2017-09-13 12:00:00,16,15,-1
5,2017-09-13 14:00:00,6,10,4
5,2017-09-13 16:00:00,57,37,-20
5,2017-09-13 18:00:00,72,69,-3
5,2017-09-13 20:00:00,16,16,0
5,2017-09-13 22:00:00,15,11,-4
5,2017-09-14 00:00:00,2,1,-1
5,2017-09-14 02:00:00,1,1,0
5,2017-09-14 04:00:00,1,2,1
5,2017-09-14 06:00:00,32,36,4
5,2017-09-14 08:00:00,38,97,59
5,2017-09-14 10:00:00,16,8,-8
5,2017-09-14 12:00:00,17,13,-4
5,2017-09-14 14:00:00,13,19,6
5,2017-09-14 16:00:00,66,30,-36
5,2017-09-14 18:00:00,58,56,-2
5,2017-09-14 20:00:00,20,22,2
5,2017-09-14 22:00:00,8,11,3
5,2017-09-15 00:00:00,3,3,0
5,2017-09-15 02:00:00,1,5,4
5,2017-09-15 04:00:00,5,2,-3
5,2017-09-15 06:00:00,26,31,5
5,2017-09-15 08:00:00,45,77,32
5,2017-09-15 10:00:00,14,17,3
5,2017-09-15 12:00:00,17,25,8
5,2017-09-15 14:00:00,14,14,0
5,2017-09-15 16:00:00,45,26,-19
5,2017-09-15 18:00:00,32,33,1
5,2017-09-15 20:00:00,7,16,9
5,2017-09-15 22:00:00,7,7,0
5,2017-09-16 00:00:00,4,4,0
5,2017-09-16 02:00:00,2,7,5
5,2017-09-16 04:00:00,1,7,6
5,2017-09-16 06:00:00,3,6,3
5,2017-09-16 08:00:00,13,8,-5
5,2017-09-16 10:00:00,31,25,-6
5,2017-09-16 12:00:00,22,31,9
5,2017-09-16 14:00:00,25,32,7
5,2017-09-16 16:00:00,43,21,-22
5,2017-09-16 18:00:00,13,29,16
5,2017-09-16 20:00:00,10,11,1
5,2017-09-16 22:00:00,11,3,-8
5,2017-09-17 00:00:00,9,12,3
5,2017-09-17 02:00:00,1,3,2
5,2017-09-17 04:00:00,2,1,-1
5,2017-09-17 06:00:00,6,5,-1
5,2017-09-17 08:00:00,10,12,2
5,2017-09-17 10:00:00,31,18,-13
5,2017-09-17 12:00:00,27,36,9
5,2017-09-17 14:00:00,30,31,1
5,2017-09-17 16:00:00,35,29,-6
5,2017-09-17 18:00:00,23,28,5
5,2017-09-17 20:00:00,11,14,3
5,2017-09-17 22:00:00,3,7,4
5,2017-09-18 00:00:00,0,7,7
5,2017-09-18 02:00:00,0,3,3
5,2017-09-18 04:00:00,4,2,-2
5,2017-09-18 06:00:00,22,35,13
5,2017-09-18 08:00:00,34,62,28
5,2017-09-18 10:00:00,12,12,0
5,2017-09-18 12:00:00,14,10,-4
5,2017-09-18 14:00:00,7,17,10
5,2017-09-18 16:00:00,67,24,-43
5,2017-09-18 18:00:00,60,65,5
5,2017-09-18 20:00:00,10,18,8
5,2017-09-18 22:00:00,3,6,3
5,2017-09-19 00:00:00,3,2,-1
5,2017-09-19 02:00:00,0,5,5
5,2017-09-19 04:00:00,2,1,-1
5,2017-09-19 06:00:00,29,32,3
5,2017-09-19 08:00:00,53,91,38
5,2017-09-19 10:00:00,14,13,-1
5,2017-09-19 12:00:00,13,8,-5
5,2017-09-19 14:00:00,9,19,10
5,2017-09-19 16:00:00,61,37,-24
5,2017-09-19 18:00:00,81,64,-17
5,2017-09-19 20:00:00,9,15,6
5,2017-09-19 22:00:00,20,8,-12
6,2017-08-01 00:00:00,15,10,-5
6,2017-08-01 02:00:00,6,4,-2
6,2017-08-01 04:00:00,4,22,18
6,2017-08-01 06:00:00,209,395,186
6,2017-08-01 08:00:00,438,844,406
6,2017-08-01 10:00:00,140,144,4
6,2017-08-01 12:00:00,187,221,34
6,2017-08-01 14:00:00,205,163,-42
6,2017-08-01 16:00:00,684,397,-287
6,2017-08-01 18:00:00,459,398,-61
6,2017-08-01 20:00:00,139,138,-1
6,2017-08-01 22:00:00,54,52,-2
6,2017-08-02 00:00:00,41,38,-3
6,2017-08-02 02:00:00,2,10,8
6,2017-08-02 04:00:00,14,36,22
6,2017-08-02 06:00:00,201,393,192
6,2017-08-02 08:00:00,422,817,395
6,2017-08-02 10:00:00,122,151,29
6,2017-08-02 12:00:00,123,120,-3
6,2017-08-02 14:00:00,53,30,-23
6,2017-08-02 16:00:00,356,228,-128
6,2017-08-02 18:00:00,460,307,-153
6,2017-08-02 20:00:00,105,99,-6
6,2017-08-02 22:00:00,61,57,-4
6,2017-08-03 00:00:00,10,12,2
6,2017-08-03 02:00:00,1,5,4
6,2017-08-03 04:00:00,8,21,13
6,2017-08-03 06:00:00,211,362,151
6,2017-08-03 08:00:00,403,823,420
6,2017-08-03 10:00:00,115,162,47
6,2017-08-03 12:00:00,159,195,36
6,2017-08-03 14:00:00,180,146,-34
6,2017-08-03 16:00:00,576,364,-212
6,2017-08-03 18:00:00,470,366,-104
6,2017-08-03 20:00:00,134,109,-25
6,2017-08-03 22:00:00,78,65,-13
6,2017-08-04 00:00:00,25,31,6
6,2017-08-04 02:00:00,7,3,-4
6,2017-08-04 04:00:00,9,17,8
6,2017-08-04 06:00:00,153,345,192
6,2017-08-04 08:00:00,372,712,340
6,2017-08-04 10:00:00,157,140,-17
6,2017-08-04 12:00:00,188,205,17
6,2017-08-04 14:00:00,219,213,-6
6,2017-08-04 16:00:00,599,379,-220
6,2017-08-04 18:00:00,395,309,-86
6,2017-08-04 20:00:00,120,108,-12
6,2017-08-04 22:00:00,99,79,-20
6,2017-08-05 00:00:00,43,39,-4
6,2017-08-05 02:00:00,32,25,-7
6,2017-08-05 04:00:00,9,9,0
6,2017-08-05 06:00:00,13,16,3
6,2017-08-05 08:00:00,71,94,23
6,2017-08-05 10:00:00,156,222,66
6,2017-08-05 12:00:00,142,143,1
6,2017-08-05 14:00:00,147,186,39
6,2017-08-05 16:00:00,193,200,7
6,2017-08-05 18:00:00,161,153,-8
6,2017-08-05 20:00:00,133,116,-17
6,2017-08-05 22:00:00,68,79,11
6,2017-08-06 00:00:00,38,50,12
6,2017-08-06 02:00:00,21,28,7
6,2017-08-06 04:00:00,9,9,0
6,2017-08-06 06:00:00,15,16,1
6,2017-08-06 08:00:00,34,41,7
6,2017-08-06 10:00:00,114,125,11
6,2017-08-06 12:00:00,191,219,28
6,2017-08-06 14:00:00,197,221,24
6,2017-08-06 16:00:00,247,185,-62
6,2017-08-06 18:00:00,178,192,14
6,2017-08-06 20:00:00,94,117,23
6,2017-08-06 22:00:00,55,61,6
6,2017-08-07 00:00:00,15,13,-2
6,2017-08-07 02:00:00,4,4,0
6,2017-08-07 04:00:00,6,23,17
6,2017-08-07 06:00:00,172,333,161
6,2017-08-07 08:00:00,400,694,294
6,2017-08-07 10:00:00,94,142,48
6,2017-08-07 12:00:00,168,147,-21
6,2017-08-07 14:00:00,176,142,-34
6,2017-08-07 16:00:00,576,385,-191
6,2017-08-07 18:00:00,465,342,-123
6,2017-08-07 20:00:00,97,83,-14
6,2017-08-07 22:00:00,30,27,-3
6,2017-08-08 00:00:00,15,17,2
6,2017-08-08 02:00:00,5,4,-1
6,2017-08-08 04:00:00,9,23,14
6,2017-08-08 06:00:00,195,321,126
6,2017-08-08 08:00:00,425,741,316
6,2017-08-08 10:00:00,122,169,47
6,2017-08-08 12:00:00,157,183,26
6,2017-08-08 14:00:00,213,178,-35
6,2017-08-08 16:00:00,569,400,-169
6,2017-08-08 18:00:00,433,366,-67
6,2017-08-08 20:00:00,101,107,6
6,2017-08-08 22:00:00,42,56,14
6,2017-08-09 00:00:00,23,14,-9
6,2017-08-09 02:00:00,8,7,-1
6,2017-08-09 04:00:00,10,23,13
6,2017-08-09 06:00:00,170,282,112
6,2017-08-09 08:00:00,186,393,207
6,2017-08-09 10:00:00,23,47,24
6,2017-08-09 12:00:00,35,35,0
6,2017-08-09 14:00:00,22,27,5
6,2017-08-09 16:00:00,138,85,-53
6,2017-08-09 18:00:00,113,84,-29
6,2017-08-09 20:00:00,24,26,2
6,2017-08-09 22:00:00,19,10,-9
6,2017-08-10 00:00:00,11,10,-1
6,2017-08-10 02:00:00,4,0,-4
6,2017-08-10 04:00:00,8,17,9
6,2017-08-10 06:00:00,192,339,147
6,2017-08-10 08:00:00,418,724,306
6,2017-08-10 10:00:00,114,174,60
6,2017-08-10 12:00:00,169,169,0
6,2017-08-10 14:00:00,182,158,-24
6,2017-08-10 16:00:00,574,380,-194
6,2017-08-10 18:00:00,526,435,-91
6,2017-08-10 20:00:00,129,101,-28
6,2017-08-10 22:00:00,59,49,-10
6,2017-08-11 00:00:00,22,12,-10
6,2017-08-11 02:00:00,10,10,0
6,2017-08-11 04:00:00,11,16,5
6,2017-08-11 06:00:00,143,268,125
6,2017-08-11 08:00:00,357,700,343
6,2017-08-11 10:00:00,138,171,33
6,2017-08-11 12:00:00,225,234,9
6,2017-08-11 14:00:00,219,205,-14
6,2017-08-11 16:00:00,548,429,-119
6,2017-08-11 18:00:00,352,300,-52
6,2017-08-11 20:00:00,115,82,-33
6,2017-08-11 22:00:00,69,74,5
6,2017-08-12 00:00:00,29,47,18
6,2017-08-12 02:00:00,21,12,-9
6,2017-08-12 04:00:00,10,11,1
6,2017-08-12 06:00:00,21,13,-8
6,2017-08-12 08:00:00,45,78,33
6,2017-08-12 10:00:00,132,178,46
6,2017-08-12 12:00:00,198,265,67
6,2017-08-12 14:00:00,278,278,0
6,2017-08-12 16:00:00,260,257,-3
6,2017-08-12 18:00:00,177,191,14
6,2017-08-12 20:00:00,99,139,40
6,2017-08-12 22:00:00,77,71,-6
6,2017-08-13 00:00:00,60,50,-10
6,2017-08-13 02:00:00,25,39,14
6,2017-08-13 04:00:00,8,13,5
6,2017-08-13 06:00:00,12,17,5
6,2017-08-13 08:00:00,53,51,-2
6,2017-08-13 10:00:00,172,177,5
6,2017-08-13 12:00:00,212,235,23
6,2017-08-13 14:00:00,245,324,79
6,2017-08-13 16:00:00,241,271,30
6,2017-08-13 18:00:00,177,217,40
6,2017-08-13 20:00:00,98,122,24
6,2017-08-13 22:00:00,50,54,4
6,2017-08-14 00:00:00,19,27,8
6,2017-08-14 02:00:00,6,5,-1
6,2017-08-14 04:00:00,9,17,8
6,2017-08-14 06:00:00,172,313,141
6,2017-08-14 08:00:00,395,738,343
6,2017-08-14 10:00:00,134,153,19
6,2017-08-14 12:00:00,147,199,52
6,2017-08-14 14:00:00,192,185,-7
6,2017-08-14 16:00:00,609,405,-204
6,2017-08-14 18:00:00,498,385,-113
6,2017-08-14 20:00:00,91,109,18
6,2017-08-14 22:00:00,46,48,2
6,2017-08-15 00:00:00,22,26,4
6,2017-08-15 02:00:00,3,14,11
6,2017-08-15 04:00:00,8,20,12
6,2017-08-15 06:00:00,188,313,125
6,2017-08-15 08:00:00,465,786,321
6,2017-08-15 10:00:00,131,186,55
6,2017-08-15 12:00:00,165,183,18
6,2017-08-15 14:00:00,158,194,36
6,2017-08-15 16:00:00,525,417,-108
6,2017-08-15 18:00:00,490,397,-93
6,2017-08-15 20:00:00,148,123,-25
6,2017-08-15 22:00:00,48,49,1
6,2017-08-16 00:00:00,11,9,-2
6,2017-08-16 02:00:00,7,6,-1
6,2017-08-16 04:00:00,6,20,14
6,2017-08-16 06:00:00,184,321,137
6,2017-08-16 08:00:00,450,745,295
6,2017-08-16 10:00:00,115,162,47
6,2017-08-16 12:00:00,164,181,17
6,2017-08-16 14:00:00,174,148,-26
6,2017-08-16 16:00:00,557,370,-187
6,2017-08-16 18:00:00,563,445,-118
6,2017-08-16 20:00:00,137,125,-12
6,2017-08-16 22:00:00,68,96,28
6,2017-08-17 00:00:00,11,22,11
6,2017-08-17 02:00:00,4,2,-2
6,2017-08-17 04:00:00,6,12,6
6,2017-08-17 06:00:00,141,213,72
6,2017-08-17 08:00:00,345,653,308
6,2017-08-17 10:00:00,89,119,30
6,2017-08-17 12:00:00,145,178,33
6,2017-08-17 14:00:00,171,152,-19
6,2017-08-17 16:00:00,522,380,-142
6,2017-08-17 18:00:00,406,338,-68
6,2017-08-17 20:00:00,128,119,-9
6,2017-08-17 22:00:00,67,76,9
6,2017-08-18 00:00:00,20,27,7
6,2017-08-18 02:00:00,7,3,-4
6,2017-08-18 04:00:00,9,10,1
6,2017-08-18 06:00:00,135,217,82
6,2017-08-18 08:00:00,353,639,286
6,2017-08-18 10:00:00,102,157,55
6,2017-08-18 12:00:00,158,198,40
6,2017-08-18 14:00:00,113,129,16
6,2017-08-18 16:00:00,375,259,-116
6,2017-08-18 18:00:00,350,290,-60
6,2017-08-18 20:00:00,104,93,-11
6,2017-08-18 22:00:00,68,72,4
6,2017-08-19 00:00:00,45,43,-2
6,2017-08-19 02:00:00,12,33,21
6,2017-08-19 04:00:00,10,9,-1
6,2017-08-19 06:00:00,20,11,-9
6,2017-08-19 08:00:00,66,76,10
6,2017-08-19 10:00:00,135,177,42
6,2017-08-19 12:00:00,222,221,-1
6,2017-08-19 14:00:00,197,241,44
6,2017-08-19 16:00:00,274,267,-7
6,2017-08-19 18:00:00,190,165,-25
6,2017-08-19 20:00:00,94,86,-8
6,2017-08-19 22:00:00,50,59,9
6,2017-08-20 00:00:00,63,41,-22
6,2017-08-20 02:00:00,22,24,2
6,2017-08-20 04:00:00,14,18,4
6,2017-08-20 06:00:00,10,11,1
6,2017-08-20 08:00:00,51,52,1
6,2017-08-20 10:00:00,136,154,18
6,2017-08-20 12:00:00,199,231,32
6,2017-08-20 14:00:00,225,238,13
6,2017-08-20 16:00:00,207,231,24
6,2017-08-20 18:00:00,93,95,2
6,2017-08-20 20:00:00,39,46,7
6,2017-08-20 22:00:00,11,7,-4
6,2017-08-21 00:00:00,8,5,-3
6,2017-08-21 02:00:00,2,4,2
6,2017-08-21 04:00:00,5,12,7
6,2017-08-21 06:00:00,122,186,64
6,2017-08-21 08:00:00,308,563,255
6,2017-08-21 10:00:00,78,123,45
6,2017-08-21 12:00:00,132,115,-17
6,2017-08-21 14:00:00,125,127,2
6,2017-08-21 16:00:00,528,363,-165
6,2017-08-21 18:00:00,438,333,-105
6,2017-08-21 20:00:00,79,99,20
6,2017-08-21 22:00:00,32,33,1
6,2017-08-22 00:00:00,15,16,1
6,2017-08-22 02:00:00,5,6,1
6,2017-08-22 04:00:00,8,10,2
6,2017-08-22 06:00:00,179,303,124
6,2017-08-22 08:00:00,425,794,369
6,2017-08-22 10:00:00,99,166,67
6,2017-08-22 12:00:00,149,186,37
6,2017-08-22 14:00:00,173,191,18
6,2017-08-22 16:00:00,606,363,-243
6,2017-08-22 18:00:00,462,345,-117
6,2017-08-22 20:00:00,86,93,7
6,2017-08-22 22:00:00,39,36,-3
6,2017-08-23 00:00:00,13,17,4
6,2017-08-23 02:00:00,21,20,-1
6,2017-08-23 04:00:00,6,18,12
6,2017-08-23 06:00:00,199,359,160
6,2017-08-23 08:00:00,423,823,400
6,2017-08-23 10:00:00,133,138,5
6,2017-08-23 12:00:00,169,207,38
6,2017-08-23 14:00:00,215,180,-35
6,2017-08-23 16:00:00,606,429,-177
6,2017-08-23 18:00:00,459,387,-72
6,2017-08-23 20:00:00,117,100,-17
6,2017-08-23 22:00:00,55,51,-4
6,2017-08-24 00:00:00,12,13,1
6,2017-08-24 02:00:00,9,2,-7
6,2017-08-24 04:00:00,5,18,13
6,2017-08-24 06:00:00,207,320,113
6,2017-08-24 08:00:00,384,736,352
6,2017-08-24 10:00:00,129,140,11
6,2017-08-24 12:00:00,169,192,23
6,2017-08-24 14:00:00,175,168,-7
6,2017-08-24 16:00:00,506,395,-111
6,2017-08-24 18:00:00,484,374,-110
6,2017-08-24 20:00:00,139,135,-4
6,2017-08-24 22:00:00,70,69,-1
6,2017-08-25 00:00:00,27,13,-14
6,2017-08-25 02:00:00,14,11,-3
6,2017-08-25 04:00:00,9,13,4
6,2017-08-25 06:00:00,156,262,106
6,2017-08-25 08:00:00,315,614,299
6,2017-08-25 10:00:00,136,170,34
6,2017-08-25 12:00:00,205,204,-1
6,2017-08-25 14:00:00,226,222,-4
6,2017-08-25 16:00:00,529,410,-119
6,2017-08-25 18:00:00,352,295,-57
6,2017-08-25 20:00:00,150,116,-34
6,2017-08-25 22:00:00,98,105,7
6,2017-08-26 00:00:00,50,49,-1
6,2017-08-26 02:00:00,21,18,-3
6,2017-08-26 04:00:00,13,16,3
6,2017-08-26 06:00:00,17,15,-2
6,2017-08-26 08:00:00,52,78,26
6,2017-08-26 10:00:00,122,176,54
6,2017-08-26 12:00:00,234,261,27
6,2017-08-26 14:00:00,211,239,28
6,2017-08-26 16:00:00,247,247,0
6,2017-08-26 18:00:00,175,159,-16
6,2017-08-26 20:00:00,79,92,13
6,2017-08-26 22:00:00,67,80,13
6,2017-08-27 00:00:00,70,57,-13
6,2017-08-27 02:00:00,44,32,-12
6,2017-08-27 04:00:00,10,24,14
6,2017-08-27 06:00:00,31,20,-11
6,2017-08-27 08:00:00,54,40,-14
6,2017-08-27 10:00:00,127,162,35
6,2017-08-27 12:00:00,207,235,28
6,2017-08-27 14:00:00,215,218,3
6,2017-08-27 16:00:00,193,207,14
6,2017-08-27 18:00:00,191,222,31
6,2017-08-27 20:00:00,147,157,10
6,2017-08-27 22:00:00,62,53,-9
6,2017-08-28 00:00:00,45,62,17
6,2017-08-28 02:00:00,17,24,7
6,2017-08-28 04:00:00,4,12,8
6,2017-08-28 06:00:00,35,36,1
6,2017-08-28 08:00:00,43,83,40
6,2017-08-28 10:00:00,156,142,-14
6,2017-08-28 12:00:00,234,198,-36
6,2017-08-28 14:00:00,222,233,11
6,2017-08-28 16:00:00,201,232,31
6,2017-08-28 18:00:00,152,218,66
6,2017-08-28 20:00:00,92,134,42
6,2017-08-28 22:00:00,56,74,18
6,2017-08-29 00:00:00,15,18,3
6,2017-08-29 02:00:00,5,11,6
6,2017-08-29 04:00:00,10,23,13
6,2017-08-29 06:00:00,187,329,142
6,2017-08-29 08:00:00,390,783,393
6,2017-08-29 10:00:00,108,148,40
6,2017-08-29 12:00:00,171,176,5
6,2017-08-29 14:00:00,177,177,0
6,2017-08-29 16:00:00,624,395,-229
6,2017-08-29 18:00:00,521,371,-150
6,2017-08-29 20:00:00,101,119,18
6,2017-08-29 22:00:00,58,44,-14
6,2017-08-30 00:00:00,9,16,7
6,2017-08-30 02:00:00,7,4,-3
6,2017-08-30 04:00:00,10,17,7
6,2017-08-30 06:00:00,186,337,151
6,2017-08-30 08:00:00,340,733,393
6,2017-08-30 10:00:00,85,113,28
6,2017-08-30 12:00:00,30,45,15
6,2017-08-30 14:00:00,40,26,-14
6,2017-08-30 16:00:00,324,190,-134
6,2017-08-30 18:00:00,314,214,-100
6,2017-08-30 20:00:00,93,74,-19
6,2017-08-30 22:00:00,33,38,5
6,2017-08-31 00:00:00,7,5,-2
6,2017-08-31 02:00:00,2,7,5
6,2017-08-31 04:00:00,8,10,2
6,2017-08-31 06:00:00,170,366,196
6,2017-08-31 08:00:00,388,821,433
6,2017-08-31 10:00:00,120,163,43
6,2017-08-31 12:00:00,168,172,4
6,2017-08-31 14:00:00,170,160,-10
6,2017-08-31 16:00:00,602,383,-219
6,2017-08-31 18:00:00,542,389,-153
6,2017-08-31 20:00:00,145,117,-28
6,2017-08-31 22:00:00,80,57,-23
6,2017-09-01 00:00:00,31,26,-5
6,2017-09-01 02:00:00,5,9,4
6,2017-09-01 04:00:00,7,19,12
6,2017-09-01 06:00:00,198,321,123
6,2017-09-01 08:00:00,409,736,327
6,2017-09-01 10:00:00,124,149,25
6,2017-09-01 12:00:00,197,203,6
6,2017-09-01 14:00:00,194,170,-24
6,2017-09-01 16:00:00,608,442,-166
6,2017-09-01 18:00:00,407,335,-72
6,2017-09-01 20:00:00,130,97,-33
6,2017-09-01 22:00:00,97,78,-19
6,2017-09-02 00:00:00,29,36,7
6,2017-09-02 02:00:00,20,23,3
6,2017-09-02 04:00:00,4,7,3
6,2017-09-02 06:00:00,18,18,0
6,2017-09-02 08:00:00,83,91,8
6,2017-09-02 10:00:00,183,212,29
6,2017-09-02 12:00:00,225,305,80
6,2017-09-02 14:00:00,278,335,57
6,2017-09-02 16:00:00,316,285,-31
6,2017-09-02 18:00:00,219,195,-24
6,2017-09-02 20:00:00,101,126,25
6,2017-09-02 22:00:00,86,73,-13
6,2017-09-03 00:00:00,65,57,-8
6,2017-09-03 02:00:00,11,30,19
6,2017-09-03 04:00:00,8,6,-2
6,2017-09-03 06:00:00,14,22,8
6,2017-09-03 08:00:00,53,59,6
6,2017-09-03 10:00:00,136,177,41
6,2017-09-03 12:00:00,193,188,-5
6,2017-09-03 14:00:00,196,198,2
6,2017-09-03 16:00:00,140,141,1
6,2017-09-03 18:00:00,91,90,-1
6,2017-09-03 20:00:00,45,40,-5
6,2017-09-03 22:00:00,29,27,-2
6,2017-09-04 00:00:00,11,7,-4
6,2017-09-04 02:00:00,3,2,-1
6,2017-09-04 04:00:00,5,10,5
6,2017-09-04 06:00:00,147,259,112
6,2017-09-04 08:00:00,302,596,294
6,2017-09-04 10:00:00,83,103,20
6,2017-09-04 12:00:00,114,138,24
6,2017-09-04 14:00:00,127,108,-19
6,2017-09-04 16:00:00,615,379,-236
6,2017-09-04 18:00:00,415,309,-106
6,2017-09-04 20:00:00,67,76,9
6,2017-09-04 22:00:00,27,32,5
6,2017-09-05 00:00:00,14,15,1
6,2017-09-05 02:00:00,8,6,-2
6,2017-09-05 04:00:00,5,18,13
6,2017-09-05 06:00:00,199,359,160
6,2017-09-05 08:00:00,453,796,343
6,2017-09-05 10:00:00,112,154,42
6,2017-09-05 12:00:00,163,156,-7
6,2017-09-05 14:00:00,140,156,16
6,2017-09-05 16:00:00,491,307,-184
6,2017-09-05 18:00:00,479,348,-131
6,2017-09-05 20:00:00,102,86,-16
6,2017-09-05 22:00:00,35,45,10
6,2017-09-06 00:00:00,13,5,-8
6,2017-09-06 02:00:00,4,6,2
6,2017-09-06 04:00:00,3,12,9
6,2017-09-06 06:00:00,228,401,173
6,2017-09-06 08:00:00,418,801,383
6,2017-09-06 10:00:00,101,157,56
6,2017-09-06 12:00:00,190,186,-4
6,2017-09-06 14:00:00,170,159,-11
6,2017-09-06 16:00:00,594,397,-197
6,2017-09-06 18:00:00,558,379,-179
6,2017-09-06 20:00:00,115,119,4
6,2017-09-06 22:00:00,54,53,-1
6,2017-09-07 00:00:00,8,11,3
6,2017-09-07 02:00:00,2,5,3
6,2017-09-07 04:00:00,6,21,15
6,2017-09-07 06:00:00,200,358,158
6,2017-09-07 08:00:00,456,860,404
6,2017-09-07 10:00:00,121,168,47
6,2017-09-07 12:00:00,174,171,-3
6,2017-09-07 14:00:00,216,170,-46
6,2017-09-07 16:00:00,639,424,-215
6,2017-09-07 18:00:00,459,373,-86
6,2017-09-07 20:00:00,136,89,-47
6,2017-09-07 22:00:00,66,58,-8
6,2017-09-08 00:00:00,13,19,6
6,2017-09-08 02:00:00,8,8,0
6,2017-09-08 04:00:00,6,12,6
6,2017-09-08 06:00:00,91,173,82
6,2017-09-08 08:00:00,235,414,179
6,2017-09-08 10:00:00,77,118,41
6,2017-09-08 12:00:00,47,63,16
6,2017-09-08 14:00:00,124,134,10
6,2017-09-08 16:00:00,534,354,-180
6,2017-09-08 18:00:00,300,238,-62
6,2017-09-08 20:00:00,95,56,-39
6,2017-09-08 22:00:00,54,40,-14
6,2017-09-09 00:00:00,28,24,-4
6,2017-09-09 02:00:00,20,38,18
6,2017-09-09 04:00:00,9,6,-3
6,2017-09-09 06:00:00,19,21,2
6,2017-09-09 08:00:00,75,87,12
6,2017-09-09 10:00:00,140,201,61
6,2017-09-09 12:00:00,205,261,56
6,2017-09-09 14:00:00,213,269,56
6,2017-09-09 16:00:00,184,237,53
6,2017-09-09 18:00:00,145,194,49
6,2017-09-09 20:00:00,111,86,-25
6,2017-09-09 22:00:00,71,66,-5
6,2017-09-10 00:00:00,42,50,8
6,2017-09-10 02:00:00,15,13,-2
6,2017-09-10 04:00:00,12,9,-3
6,2017-09-10 06:00:00,20,19,-1
6,2017-09-10 08:00:00,42,61,19
6,2017-09-10 10:00:00,169,160,-9
6,2017-09-10 12:00:00,185,222,37
6,2017-09-10 14:00:00,185,198,13
6,2017-09-10 16:00:00,123,152,29
6,2017-09-10 18:00:00,56,70,14
6,2017-09-10 20:00:00,56,44,-12
6,2017-09-10 22:00:00,35,18,-17
6,2017-09-11 00:00:00,15,14,-1
6,2017-09-11 02:00:00,2,5,3
6,2017-09-11 04:00:00,8,18,10
6,2017-09-11 06:00:00,168,309,141
6,2017-09-11 08:00:00,365,645,280
6,2017-09-11 10:00:00,108,120,12
6,2017-09-11 12:00:00,110,144,34
6,2017-09-11 14:00:00,133,123,-10
6,2017-09-11 16:00:00,436,286,-150
6,2017-09-11 18:00:00,455,284,-171
6,2017-09-11 20:00:00,54,55,1
6,2017-09-11 22:00:00,16,32,16
6,2017-09-12 00:00:00,4,15,11
6,2017-09-12 02:00:00,3,6,3
6,2017-09-12 04:00:00,13,12,-1
6,2017-09-12 06:00:00,204,358,154
6,2017-09-12 08:00:00,438,852,414
6,2017-09-12 10:00:00,115,144,29
6,2017-09-12 12:00:00,162,190,28
6,2017-09-12 14:00:00,162,157,-5
6,2017-09-12 16:00:00,594,393,-201
6,2017-09-12 18:00:00,446,349,-97
6,2017-09-12 20:00:00,65,52,-13
6,2017-09-12 22:00:00,9,7,-2
6,2017-09-13 00:00:00,11,0,-11
6,2017-09-13 02:00:00,2,1,-1
6,2017-09-13 04:00:00,7,16,9
6,2017-09-13 06:00:00,214,376,162
6,2017-09-13 08:00:00,418,854,436
6,2017-09-13 10:00:00,123,137,14
6,2017-09-13 12:00:00,144,167,23
6,2017-09-13 14:00:00,125,106,-19
6,2017-09-13 16:00:00,612,364,-248
6,2017-09-13 18:00:00,459,350,-109
6,2017-09-13 20:00:00,103,81,-22
6,2017-09-13 22:00:00,44,34,-10
6,2017-09-14 00:00:00,11,17,6
6,2017-09-14 02:00:00,2,8,6
6,2017-09-14 04:00:00,13,17,4
6,2017-09-14 06:00:00,193,362,169
6,2017-09-14 08:00:00,388,801,413
6,2017-09-14 10:00:00,109,159,50
6,2017-09-14 12:00:00,149,164,15
6,2017-09-14 14:00:00,189,175,-14
6,2017-09-14 16:00:00,629,381,-248
6,2017-09-14 18:00:00,395,309,-86
6,2017-09-14 20:00:00,130,88,-42
6,2017-09-14 22:00:00,73,68,-5
6,2017-09-15 00:00:00,18,20,2
6,2017-09-15 02:00:00,5,7,2
6,2017-09-15 04:00:00,11,14,3
6,2017-09-15 06:00:00,150,311,161
6,2017-09-15 08:00:00,406,762,356
6,2017-09-15 10:00:00,146,164,18
6,2017-09-15 12:00:00,166,218,52
6,2017-09-15 14:00:00,244,207,-37
6,2017-09-15 16:00:00,528,369,-159
6,2017-09-15 18:00:00,253,283,30
6,2017-09-15 20:00:00,101,73,-28
6,2017-09-15 22:00:00,61,65,4
6,2017-09-16 00:00:00,39,47,8
6,2017-09-16 02:00:00,20,21,1
6,2017-09-16 04:00:00,5,9,4
6,2017-09-16 06:00:00,21,20,-1
6,2017-09-16 08:00:00,69,77,8
6,2017-09-16 10:00:00,143,174,31
6,2017-09-16 12:00:00,207,229,22
6,2017-09-16 14:00:00,233,260,27
6,2017-09-16 16:00:00,273,216,-57
6,2017-09-16 18:00:00,178,167,-11
6,2017-09-16 20:00:00,87,88,1
6,2017-09-16 22:00:00,58,51,-7
6,2017-09-17 00:00:00,54,35,-19
6,2017-09-17 02:00:00,23,24,1
6,2017-09-17 04:00:00,7,9,2
6,2017-09-17 06:00:00,9,24,15
6,2017-09-17 08:00:00,54,68,14
6,2017-09-17 10:00:00,121,124,3
6,2017-09-17 12:00:00,215,229,14
6,2017-09-17 14:00:00,225,184,-41
6,2017-09-17 16:00:00,197,222,25
6,2017-09-17 18:00:00,128,154,26
6,2017-09-17 20:00:00,52,63,11
6,2017-09-17 22:00:00,22,30,8
6,2017-09-18 00:00:00,6,18,12
6,2017-09-18 02:00:00,7,3,-4
6,2017-09-18 04:00:00,17,19,2
6,2017-09-18 06:00:00,173,325,152
6,2017-09-18 08:00:00,437,809,372
6,2017-09-18 10:00:00,106,149,43
6,2017-09-18 12:00:00,133,144,11
6,2017-09-18 14:00:00,130,125,-5
6,2017-09-18 16:00:00,621,367,-254
6,2017-09-18 18:00:00,496,338,-158
6,2017-09-18 20:00:00,92,85,-7
6,2017-09-18 22:00:00,14,24,10
6,2017-09-19 00:00:00,1,4,3
6,2017-09-19 02:00:00,0,2,2
6,2017-09-19 04:00:00,7,21,14
6,2017-09-19 06:00:00,199,375,176
6,2017-09-19 08:00:00,507,871,364
6,2017-09-19 10:00:00,150,174,24
6,2017-09-19 12:00:00,147,159,12
6,2017-09-19 14:00:00,170,179,9
6,2017-09-19 16:00:00,621,435,-186
6,2017-09-19 18:00:00,562,391,-171
6,2017-09-19 20:00:00,105,100,-5
6,2017-09-19 22:00:00,59,47,-12
7,2017-08-01 00:00:00,5,12,7
7,2017-08-01 02:00:00,2,5,3
7,2017-08-01 04:00:00,13,3,-10
7,2017-08-01 06:00:00,187,26,-161
7,2017-08-01 08:00:00,250,84,-166
7,2017-08-01 10:00:00,67,40,-27
7,2017-08-01 12:00:00,53,40,-13
7,2017-08-01 14:00:00,46,46,0
7,2017-08-01 16:00:00,77,124,47
7,2017-08-01 18:00:00,107,308,201
7,2017-08-01 20:00:00,60,123,63
7,2017-08-01 22:00:00,25,54,29
7,2017-08-02 00:00:00,4,15,11
7,2017-08-02 02:00:00,3,4,1
7,2017-08-02 04:00:00,11,6,-5
7,2017-08-02 06:00:00,167,21,-146
7,2017-08-02 08:00:00,251,78,-173
7,2017-08-02 10:00:00,52,30,-22
7,2017-08-02 12:00:00,18,20,2
7,2017-08-02 14:00:00,6,12,6
7,2017-08-02 16:00:00,33,56,23
7,2017-08-02 18:00:00,69,167,98
7,2017-08-02 20:00:00,34,85,51
7,2017-08-02 22:00:00,7,22,15
7,2017-08-03 00:00:00,14,8,-6
7,2017-08-03 02:00:00,2,3,1
7,2017-08-03 04:00:00,11,3,-8
7,2017-08-03 06:00:00,135,20,-115
7,2017-08-03 08:00:00,245,76,-169
7,2017-08-03 10:00:00,41,25,-16
7,2017-08-03 12:00:00,38,43,5
7,2017-08-03 14:00:00,36,42,6
7,2017-08-03 16:00:00,64,103,39
7,2017-08-03 18:00:00,90,214,124
7,2017-08-03 20:00:00,40,87,47
7,2017-08-03 22:00:00,20,51,31
7,2017-08-04 00:00:00,8,20,12
7,2017-08-04 02:00:00,3,10,7
7,2017-08-04 04:00:00,12,6,-6
7,2017-08-04 06:00:00,126,25,-101
7,2017-08-04 08:00:00,240,85,-155
7,2017-08-04 10:00:00,72,32,-40
7,2017-08-04 12:00:00,48,41,-7
7,2017-08-04 14:00:00,46,49,3
7,2017-08-04 16:00:00,64,109,45
7,2017-08-04 18:00:00,86,164,78
7,2017-08-04 20:00:00,36,77,41
7,2017-08-04 22:00:00,22,64,42
7,2017-08-05 00:00:00,19,31,12
7,2017-08-05 02:00:00,4,20,16
7,2017-08-05 04:00:00,4,4,0
7,2017-08-05 06:00:00,22,7,-15
7,2017-08-05 08:00:00,61,31,-30
7,2017-08-05 10:00:00,107,85,-22
7,2017-08-05 12:00:00,124,83,-41
7,2017-08-05 14:00:00,93,77,-16
7,2017-08-05 16:00:00,88,85,-3
7,2017-08-05 18:00:00,79,111,32
7,2017-08-05 20:00:00,36,69,33
7,2017-08-05 22:00:00,24,37,13
7,2017-08-06 00:00:00,17,31,14
7,2017-08-06 02:00:00,12,12,0
7,2017-08-06 04:00:00,6,6,0
7,2017-08-06 06:00:00,12,9,-3
7,2017-08-06 08:00:00,45,14,-31
7,2017-08-06 10:00:00,119,49,-70
7,2017-08-06 12:00:00,125,102,-23
7,2017-08-06 14:00:00,127,123,-4
7,2017-08-06 16:00:00,133,153,20
7,2017-08-06 18:00:00,77,99,22
7,2017-08-06 20:00:00,36,58,22
7,2017-08-06 22:00:00,15,31,16
7,2017-08-07 00:00:00,2,17,15
7,2017-08-07 02:00:00,0,3,3
7,2017-08-07 04:00:00,8,3,-5
7,2017-08-07 06:00:00,177,21,-156
7,2017-08-07 08:00:00,200,83,-117
7,2017-08-07 10:00:00,47,22,-25
7,2017-08-07 12:00:00,33,32,-1
7,2017-08-07 14:00:00,32,52,20
7,2017-08-07 16:00:00,66,128,62
7,2017-08-07 18:00:00,74,298,224
7,2017-08-07 20:00:00,31,61,30
7,2017-08-07 22:00:00,11,26,15
7,2017-08-08 00:00:00,2,8,6
7,2017-08-08 02:00:00,1,2,1
7,2017-08-08 04:00:00,8,1,-7
7,2017-08-08 06:00:00,213,21,-192
7,2017-08-08 08:00:00,262,88,-174
7,2017-08-08 10:00:00,48,26,-22
7,2017-08-08 12:00:00,30,38,8
7,2017-08-08 14:00:00,27,51,24
7,2017-08-08 16:00:00,64,123,59
7,2017-08-08 18:00:00,109,277,168
7,2017-08-08 20:00:00,31,92,61
7,2017-08-08 22:00:00,28,40,12
7,2017-08-09 00:00:00,6,10,4
7,2017-08-09 02:00:00,0,2,2
7,2017-08-09 04:00:00,10,1,-9
7,2017-08-09 06:00:00,144,15,-129
7,2017-08-09 08:00:00,170,47,-123
7,2017-08-09 10:00:00,17,10,-7
7,2017-08-09 12:00:00,5,10,5
7,2017-08-09 14:00:00,7,9,2
7,2017-08-09 16:00:00,12,37,25
7,2017-08-09 18:00:00,19,70,51
7,2017-08-09 20:00:00,6,27,21
7,2017-08-09 22:00:00,6,20,14
7,2017-08-10 00:00:00,4,6,2
7,2017-08-10 02:00:00,4,2,-2
7,2017-08-10 04:00:00,9,2,-7
7,2017-08-10 06:00:00,157,19,-138
7,2017-08-10 08:00:00,242,76,-166
7,2017-08-10 10:00:00,48,28,-20
7,2017-08-10 12:00:00,42,32,-10
7,2017-08-10 14:00:00,41,47,6
7,2017-08-10 16:00:00,47,119,72
7,2017-08-10 18:00:00,93,237,144
7,2017-08-10 20:00:00,33,95,62
7,2017-08-10 22:00:00,26,56,30
7,2017-08-11 00:00:00,3,28,25
7,2017-08-11 02:00:00,0,4,4
7,2017-08-11 04:00:00,11,2,-9
7,2017-08-11 06:00:00,126,15,-111
7,2017-08-11 08:00:00,260,68,-192
7,2017-08-11 10:00:00,57,29,-28
7,2017-08-11 12:00:00,40,51,11
7,2017-08-11 14:00:00,37,56,19
7,2017-08-11 16:00:00,71,128,57
7,2017-08-11 18:00:00,76,180,104
7,2017-08-11 20:00:00,38,51,13
7,2017-08-11 22:00:00,17,43,26
7,2017-08-12 00:00:00,15,23,8
7,2017-08-12 02:00:00,8,16,8
7,2017-08-12 04:00:00,4,2,-2
7,2017-08-12 06:00:00,20,12,-8
7,2017-08-12 08:00:00,60,25,-35
7,2017-08-12 10:00:00,104,51,-53
7,2017-08-12 12:00:00,133,78,-55
7,2017-08-12 14:00:00,130,98,-32
7,2017-08-12 16:00:00,76,123,47
7,2017-08-12 18:00:00,78,99,21
7,2017-08-12 20:00:00,29,48,19
7,2017-08-12 22:00:00,25,35,10
7,2017-08-13 00:00:00,10,36,26
7,2017-08-13 02:00:00,15,21,6
7,2017-08-13 04:00:00,7,8,1
7,2017-08-13 06:00:00,13,5,-8
7,2017-08-13 08:00:00,39,16,-23
7,2017-08-13 10:00:00,105,56,-49
7,2017-08-13 12:00:00,194,108,-86
7,2017-08-13 14:00:00,118,134,16
7,2017-08-13 16:00:00,123,150,27
7,2017-08-13 18:00:00,102,119,17
7,2017-08-13 20:00:00,43,73,30
7,2017-08-13 22:00:00,11,32,21
7,2017-08-14 00:00:00,3,14,11
7,2017-08-14 02:00:00,1,5,4
7,2017-08-14 04:00:00,10,1,-9
7,2017-08-14 06:00:00,159,12,-147
7,2017-08-14 08:00:00,236,63,-173
7,2017-08-14 10:00:00,45,27,-18
7,2017-08-14 12:00:00,37,42,5
7,2017-08-14 14:00:00,42,62,20
7,2017-08-14 16:00:00,58,139,81
7,2017-08-14 18:00:00,114,297,183
7,2017-08-14 20:00:00,45,104,59
7,2017-08-14 22:00:00,21,40,19
7,2017-08-15 00:00:00,1,7,6
7,2017-08-15 02:00:00,2,4,2
7,2017-08-15 04:00:00,15,4,-11
7,2017-08-15 06:00:00,173,14,-159
7,2017-08-15 08:00:00,250,85,-165
7,2017-08-15 10:00:00,77,45,-32
7,2017-08-15 12:00:00,54,39,-15
7,2017-08-15 14:00:00,48,52,4
7,2017-08-15 16:00:00,87,146,59
7,2017-08-15 18:00:00,114,333,219
7,2017-08-15 20:00:00,45,113,68
7,2017-08-15 22:00:00,35,70,35
7,2017-08-16 00:00:00,6,15,9
7,2017-08-16 02:00:00,2,8,6
7,2017-08-16 04:00:00,7,2,-5
7,2017-08-16 06:00:00,194,9,-185
7,2017-08-16 08:00:00,248,78,-170
7,2017-08-16 10:00:00,48,25,-23
7,2017-08-16 12:00:00,37,27,-10
7,2017-08-16 14:00:00,36,46,10
7,2017-08-16 16:00:00,64,134,70
7,2017-08-16 18:00:00,93,271,178
7,2017-08-16 20:00:00,42,95,53
7,2017-08-16 22:00:00,20,46,26
7,2017-08-17 00:00:00,6,11,5
7,2017-08-17 02:00:00,0,3,3
7,2017-08-17 04:00:00,10,1,-9
7,2017-08-17 06:00:00,138,16,-122
7,2017-08-17 08:00:00,219,59,-160
7,2017-08-17 10:00:00,35,27,-8
7,2017-08-17 12:00:00,25,28,3
7,2017-08-17 14:00:00,22,35,13
7,2017-08-17 16:00:00,71,121,50
7,2017-08-17 18:00:00,86,215,129
7,2017-08-17 20:00:00,44,105,61
7,2017-08-17 22:00:00,19,49,30
7,2017-08-18 00:00:00,9,23,14
7,2017-08-18 02:00:00,4,6,2
7,2017-08-18 04:00:00,5,3,-2
7,2017-08-18 06:00:00,132,13,-119
7,2017-08-18 08:00:00,250,79,-171
7,2017-08-18 10:00:00,70,34,-36
7,2017-08-18 12:00:00,33,39,6
7,2017-08-18 14:00:00,16,40,24
7,2017-08-18 16:00:00,42,90,48
7,2017-08-18 18:00:00,64,152,88
7,2017-08-18 20:00:00,25,64,39
7,2017-08-18 22:00:00,15,36,21
7,2017-08-19 00:00:00,14,25,11
7,2017-08-19 02:00:00,4,6,2
7,2017-08-19 04:00:00,0,6,6
7,2017-08-19 06:00:00,17,6,-11
7,2017-08-19 08:00:00,60,28,-32
7,2017-08-19 10:00:00,95,62,-33
7,2017-08-19 12:00:00,132,74,-58
7,2017-08-19 14:00:00,98,84,-14
7,2017-08-19 16:00:00,99,112,13
7,2017-08-19 18:00:00,76,91,15
7,2017-08-19 20:00:00,33,50,17
7,2017-08-19 22:00:00,17,24,7
7,2017-08-20 00:00:00,12,20,8
7,2017-08-20 02:00:00,4,9,5
7,2017-08-20 04:00:00,3,5,2
7,2017-08-20 06:00:00,10,8,-2
7,2017-08-20 08:00:00,29,16,-13
7,2017-08-20 10:00:00,87,50,-37
7,2017-08-20 12:00:00,120,86,-34
7,2017-08-20 14:00:00,117,89,-28
7,2017-08-20 16:00:00,62,114,52
7,2017-08-20 18:00:00,44,43,-1
7,2017-08-20 20:00:00,6,13,7
7,2017-08-20 22:00:00,4,10,6
7,2017-08-21 00:00:00,1,5,4
7,2017-08-21 02:00:00,1,1,0
7,2017-08-21 04:00:00,4,3,-1
7,2017-08-21 06:00:00,106,14,-92
7,2017-08-21 08:00:00,208,57,-151
7,2017-08-21 10:00:00,30,19,-11
7,2017-08-21 12:00:00,29,33,4
7,2017-08-21 14:00:00,41,33,-8
7,2017-08-21 16:00:00,56,120,64
7,2017-08-21 18:00:00,86,265,179
7,2017-08-21 20:00:00,41,90,49
7,2017-08-21 22:00:00,7,30,23
7,2017-08-22 00:00:00,2,10,8
7,2017-08-22 02:00:00,4,6,2
7,2017-08-22 04:00:00,7,3,-4
7,2017-08-22 06:00:00,164,17,-147
7,2017-08-22 08:00:00,248,72,-176
7,2017-08-22 10:00:00,47,19,-28
7,2017-08-22 12:00:00,35,29,-6
7,2017-08-22 14:00:00,27,41,14
7,2017-08-22 16:00:00,60,117,57
7,2017-08-22 18:00:00,90,252,162
7,2017-08-22 20:00:00,30,84,54
7,2017-08-22 22:00:00,16,53,37
7,2017-08-23 00:00:00,3,7,4
7,2017-08-23 02:00:00,1,2,1
7,2017-08-23 04:00:00,4,4,0
7,2017-08-23 06:00:00,175,21,-154
7,2017-08-23 08:00:00,276,70,-206
7,2017-08-23 10:00:00,33,29,-4
7,2017-08-23 12:00:00,40,33,-7
7,2017-08-23 14:00:00,28,45,17
7,2017-08-23 16:00:00,60,101,41
7,2017-08-23 18:00:00,97,269,172
7,2017-08-23 20:00:00,49,99,50
7,2017-08-23 22:00:00,18,59,41
7,2017-08-24 00:00:00,6,13,7
7,2017-08-24 02:00:00,3,3,0
7,2017-08-24 04:00:00,7,4,-3
7,2017-08-24 06:00:00,183,22,-161
7,2017-08-24 08:00:00,250,76,-174
7,2017-08-24 10:00:00,53,30,-23
7,2017-08-24 12:00:00,46,40,-6
7,2017-08-24 14:00:00,32,51,19
7,2017-08-24 16:00:00,61,102,41
7,2017-08-24 18:00:00,90,239,149
7,2017-08-24 20:00:00,33,81,48
7,2017-08-24 22:00:00,14,42,28
7,2017-08-25 00:00:00,11,23,12
7,2017-08-25 02:00:00,3,11,8
7,2017-08-25 04:00:00,6,2,-4
7,2017-08-25 06:00:00,135,21,-114
7,2017-08-25 08:00:00,213,74,-139
7,2017-08-25 10:00:00,70,32,-38
7,2017-08-25 12:00:00,66,46,-20
7,2017-08-25 14:00:00,59,91,32
7,2017-08-25 16:00:00,93,119,26
7,2017-08-25 18:00:00,81,168,87
7,2017-08-25 20:00:00,49,68,19
7,2017-08-25 22:00:00,19,64,45
7,2017-08-26 00:00:00,11,51,40
7,2017-08-26 02:00:00,9,10,1
7,2017-08-26 04:00:00,4,7,3
7,2017-08-26 06:00:00,18,6,-12
7,2017-08-26 08:00:00,62,25,-37
7,2017-08-26 10:00:00,105,65,-40
7,2017-08-26 12:00:00,153,114,-39
7,2017-08-26 14:00:00,134,117,-17
7,2017-08-26 16:00:00,104,129,25
7,2017-08-26 18:00:00,63,106,43
7,2017-08-26 20:00:00,47,47,0
7,2017-08-26 22:00:00,38,58,20
7,2017-08-27 00:00:00,19,23,4
7,2017-08-27 02:00:00,14,9,-5
7,2017-08-27 04:00:00,3,6,3
7,2017-08-27 06:00:00,14,12,-2
7,2017-08-27 08:00:00,41,16,-25
7,2017-08-27 10:00:00,96,51,-45
7,2017-08-27 12:00:00,165,103,-62
7,2017-08-27 14:00:00,141,122,-19
7,2017-08-27 16:00:00,106,126,20
7,2017-08-27 18:00:00,77,136,59
7,2017-08-27 20:00:00,39,72,33
7,2017-08-27 22:00:00,40,48,8
7,2017-08-28 00:00:00,19,27,8
7,2017-08-28 02:00:00,4,10,6
7,2017-08-28 04:00:00,5,6,1
7,2017-08-28 06:00:00,30,5,-25
7,2017-08-28 08:00:00,47,24,-23
7,2017-08-28 10:00:00,90,61,-29
7,2017-08-28 12:00:00,160,127,-33
7,2017-08-28 14:00:00,134,143,9
7,2017-08-28 16:00:00,139,164,25
7,2017-08-28 18:00:00,104,175,71
7,2017-08-28 20:00:00,32,72,40
7,2017-08-28 22:00:00,21,50,29
7,2017-08-29 00:00:00,13,17,4
7,2017-08-29 02:00:00,3,4,1
7,2017-08-29 04:00:00,12,3,-9
7,2017-08-29 06:00:00,167,24,-143
7,2017-08-29 08:00:00,257,78,-179
7,2017-08-29 10:00:00,56,32,-24
7,2017-08-29 12:00:00,42,37,-5
7,2017-08-29 14:00:00,49,46,-3
7,2017-08-29 16:00:00,84,163,79
7,2017-08-29 18:00:00,85,300,215
7,2017-08-29 20:00:00,32,81,49
7,2017-08-29 22:00:00,17,36,19
7,2017-08-30 00:00:00,1,7,6
7,2017-08-30 02:00:00,0,3,3
7,2017-08-30 04:00:00,10,5,-5
7,2017-08-30 06:00:00,157,9,-148
7,2017-08-30 08:00:00,254,68,-186
7,2017-08-30 10:00:00,35,17,-18
7,2017-08-30 12:00:00,12,8,-4
7,2017-08-30 14:00:00,15,10,-5
7,2017-08-30 16:00:00,25,59,34
7,2017-08-30 18:00:00,56,153,97
7,2017-08-30 20:00:00,33,93,60
7,2017-08-30 22:00:00,10,37,27
7,2017-08-31 00:00:00,10,12,2
7,2017-08-31 02:00:00,2,8,6
7,2017-08-31 04:00:00,8,2,-6
7,2017-08-31 06:00:00,176,24,-152
7,2017-08-31 08:00:00,268,78,-190
7,2017-08-31 10:00:00,62,27,-35
7,2017-08-31 12:00:00,38,40,2
7,2017-08-31 14:00:00,44,48,4
7,2017-08-31 16:00:00,63,126,63
7,2017-08-31 18:00:00,87,253,166
7,2017-08-31 20:00:00,37,101,64
7,2017-08-31 22:00:00,15,52,37
7,2017-09-01 00:00:00,8,21,13
7,2017-09-01 02:00:00,1,3,2
7,2017-09-01 04:00:00,9,3,-6
7,2017-09-01 06:00:00,145,14,-131
7,2017-09-01 08:00:00,260,81,-179
7,2017-09-01 10:00:00,78,29,-49
7,2017-09-01 12:00:00,62,45,-17
7,2017-09-01 14:00:00,59,76,17
7,2017-09-01 16:00:00,87,121,34
7,2017-09-01 18:00:00,79,176,97
7,2017-09-01 20:00:00,48,75,27
7,2017-09-01 22:00:00,19,63,44
7,2017-09-02 00:00:00,13,29,16
7,2017-09-02 02:00:00,13,16,3
7,2017-09-02 04:00:00,5,9,4
7,2017-09-02 06:00:00,24,5,-19
7,2017-09-02 08:00:00,64,30,-34
7,2017-09-02 10:00:00,131,88,-43
7,2017-09-02 12:00:00,186,138,-48
7,2017-09-02 14:00:00,147,117,-30
7,2017-09-02 16:00:00,108,147,39
7,2017-09-02 18:00:00,100,140,40
7,2017-09-02 20:00:00,40,63,23
7,2017-09-02 22:00:00,20,53,33
7,2017-09-03 00:00:00,11,32,21
7,2017-09-03 02:00:00,10,21,11
7,2017-09-03 04:00:00,1,3,2
7,2017-09-03 06:00:00,13,6,-7
7,2017-09-03 08:00:00,45,22,-23
7,2017-09-03 10:00:00,105,60,-45
7,2017-09-03 12:00:00,120,98,-22
7,2017-09-03 14:00:00,105,90,-15
7,2017-09-03 16:00:00,45,55,10
7,2017-09-03 18:00:00,29,45,16
7,2017-09-03 20:00:00,16,23,7
7,2017-09-03 22:00:00,7,18,11
7,2017-09-04 00:00:00,0,2,2
7,2017-09-04 02:00:00,1,0,-1
7,2017-09-04 04:00:00,7,0,-7
7,2017-09-04 06:00:00,120,18,-102
7,2017-09-04 08:00:00,200,62,-138
7,2017-09-04 10:00:00,36,28,-8
7,2017-09-04 12:00:00,41,27,-14
7,2017-09-04 14:00:00,47,42,-5
7,2017-09-04 16:00:00,59,127,68
7,2017-09-04 18:00:00,93,300,207
7,2017-09-04 20:00:00,49,106,57
7,2017-09-04 22:00:00,14,49,35
7,2017-09-05 00:00:00,1,9,8
7,2017-09-05 02:00:00,0,9,9
7,2017-09-05 04:00:00,16,2,-14
7,2017-09-05 06:00:00,192,22,-170
7,2017-09-05 08:00:00,270,78,-192
7,2017-09-05 10:00:00,49,27,-22
7,2017-09-05 12:00:00,39,25,-14
7,2017-09-05 14:00:00,40,42,2
7,2017-09-05 16:00:00,50,106,56
7,2017-09-05 18:00:00,87,271,184
7,2017-09-05 20:00:00,35,113,78
7,2017-09-05 22:00:00,13,34,21
7,2017-09-06 00:00:00,4,8,4
7,2017-09-06 02:00:00,2,2,0
7,2017-09-06 04:00:00,9,6,-3
7,2017-09-06 06:00:00,195,18,-177
7,2017-09-06 08:00:00,267,67,-200
7,2017-09-06 10:00:00,50,34,-16
7,2017-09-06 12:00:00,50,30,-20
7,2017-09-06 14:00:00,32,47,15
7,2017-09-06 16:00:00,76,144,68
7,2017-09-06 18:00:00,104,238,134
7,2017-09-06 20:00:00,47,92,45
7,2017-09-06 22:00:00,26,58,32
7,2017-09-07 00:00:00,5,13,8
7,2017-09-07 02:00:00,2,7,5
7,2017-09-07 04:00:00,9,3,-6
7,2017-09-07 06:00:00,181,17,-164
7,2017-09-07 08:00:00,242,82,-160
7,2017-09-07 10:00:00,56,31,-25
7,2017-09-07 12:00:00,50,32,-18
7,2017-09-07 14:00:00,49,58,9
7,2017-09-07 16:00:00,64,115,51
7,2017-09-07 18:00:00,90,213,123
7,2017-09-07 20:00:00,35,79,44
7,2017-09-07 22:00:00,23,43,20
7,2017-09-08 00:00:00,9,23,14
7,2017-09-08 02:00:00,4,6,2
7,2017-09-08 04:00:00,7,2,-5
7,2017-09-08 06:00:00,86,12,-74
7,2017-09-08 08:00:00,158,50,-108
7,2017-09-08 10:00:00,44,23,-21
7,2017-09-08 12:00:00,20,12,-8
7,2017-09-08 14:00:00,33,26,-7
7,2017-09-08 16:00:00,58,101,43
7,2017-09-08 18:00:00,73,147,74
7,2017-09-08 20:00:00,24,55,31
7,2017-09-08 22:00:00,20,38,18
7,2017-09-09 00:00:00,18,50,32
7,2017-09-09 02:00:00,6,8,2
7,2017-09-09 04:00:00,5,3,-2
7,2017-09-09 06:00:00,21,7,-14
7,2017-09-09 08:00:00,75,21,-54
7,2017-09-09 10:00:00,121,63,-58
7,2017-09-09 12:00:00,183,95,-88
7,2017-09-09 14:00:00,102,91,-11
7,2017-09-09 16:00:00,46,89,43
7,2017-09-09 18:00:00,79,100,21
7,2017-09-09 20:00:00,37,38,1
7,2017-09-09 22:00:00,12,49,37
7,2017-09-10 00:00:00,17,28,11
7,2017-09-10 02:00:00,2,19,17
7,2017-09-10 04:00:00,1,6,5
7,2017-09-10 06:00:00,6,9,3
7,2017-09-10 08:00:00,45,17,-28
7,2017-09-10 10:00:00,104,66,-38
7,2017-09-10 12:00:00,136,94,-42
7,2017-09-10 14:00:00,91,102,11
7,2017-09-10 16:00:00,81,106,25
7,2017-09-10 18:00:00,30,43,13
7,2017-09-10 20:00:00,24,27,3
7,2017-09-10 22:00:00,12,22,10
7,2017-09-11 00:00:00,2,15,13
7,2017-09-11 02:00:00,0,3,3
7,2017-09-11 04:00:00,11,1,-10
7,2017-09-11 06:00:00,150,29,-121
7,2017-09-11 08:00:00,157,56,-101
7,2017-09-11 10:00:00,48,26,-22
7,2017-09-11 12:00:00,39,32,-7
7,2017-09-11 14:00:00,44,44,0
7,2017-09-11 16:00:00,42,79,37
7,2017-09-11 18:00:00,89,203,114
7,2017-09-11 20:00:00,34,80,46
7,2017-09-11 22:00:00,13,20,7
7,2017-09-12 00:00:00,3,13,10
7,2017-09-12 02:00:00,1,4,3
7,2017-09-12 04:00:00,12,1,-11
7,2017-09-12 06:00:00,190,23,-167
7,2017-09-12 08:00:00,243,91,-152
7,2017-09-12 10:00:00,49,40,-9
7,2017-09-12 12:00:00,36,36,0
7,2017-09-12 14:00:00,34,52,18
7,2017-09-12 16:00:00,64,107,43
7,2017-09-12 18:00:00,97,255,158
7,2017-09-12 20:00:00,12,46,34
7,2017-09-12 22:00:00,2,11,9
7,2017-09-13 00:00:00,3,4,1
7,2017-09-13 02:00:00,1,1,0
7,2017-09-13 04:00:00,6,1,-5
7,2017-09-13 06:00:00,175,21,-154
7,2017-09-13 08:00:00,226,79,-147
7,2017-09-13 10:00:00,47,20,-27
7,2017-09-13 12:00:00,28,29,1
7,2017-09-13 14:00:00,37,40,3
7,2017-09-13 16:00:00,52,112,60
7,2017-09-13 18:00:00,107,249,142
7,2017-09-13 20:00:00,39,98,59
7,2017-09-13 22:00:00,15,38,23
7,2017-09-14 00:00:00,9,12,3
7,2017-09-14 02:00:00,1,1,0
7,2017-09-14 04:00:00,9,0,-9
7,2017-09-14 06:00:00,177,35,-142
7,2017-09-14 08:00:00,251,73,-178
7,2017-09-14 10:00:00,42,30,-12
7,2017-09-14 12:00:00,43,36,-7
7,2017-09-14 14:00:00,43,49,6
7,2017-09-14 16:00:00,75,125,50
7,2017-09-14 18:00:00,78,208,130
7,2017-09-14 20:00:00,25,76,51
7,2017-09-14 22:00:00,16,60,44
7,2017-09-15 00:00:00,10,22,12
7,2017-09-15 02:00:00,2,3,1
7,2017-09-15 04:00:00,13,1,-12
7,2017-09-15 06:00:00,136,20,-116
7,2017-09-15 08:00:00,235,73,-162
7,2017-09-15 10:00:00,48,35,-13
7,2017-09-15 12:00:00,49,46,-3
7,2017-09-15 14:00:00,52,42,-10
7,2017-09-15 16:00:00,71,129,58
7,2017-09-15 18:00:00,73,187,114
7,2017-09-15 20:00:00,28,55,27
7,2017-09-15 22:00:00,16,30,14
7,2017-09-16 00:00:00,15,32,17
7,2017-09-16 02:00:00,7,10,3
7,2017-09-16 04:00:00,2,6,4
7,2017-09-16 06:00:00,25,8,-17
7,2017-09-16 08:00:00,69,37,-32
7,2017-09-16 10:00:00,100,89,-11
7,2017-09-16 12:00:00,112,64,-48
7,2017-09-16 14:00:00,92,111,19
7,2017-09-16 16:00:00,94,85,-9
7,2017-09-16 18:00:00,47,73,26
7,2017-09-16 20:00:00,36,44,8
7,2017-09-16 22:00:00,21,24,3
7,2017-09-17 00:00:00,12,30,18
7,2017-09-17 02:00:00,7,20,13
7,2017-09-17 04:00:00,4,6,2
7,2017-09-17 06:00:00,10,8,-2
7,2017-09-17 08:00:00,44,22,-22
7,2017-09-17 10:00:00,78,58,-20
7,2017-09-17 12:00:00,143,97,-46
7,2017-09-17 14:00:00,113,107,-6
7,2017-09-17 16:00:00,110,125,15
7,2017-09-17 18:00:00,73,100,27
7,2017-09-17 20:00:00,18,39,21
7,2017-09-17 22:00:00,18,25,7
7,2017-09-18 00:00:00,6,12,6
7,2017-09-18 02:00:00,0,1,1
7,2017-09-18 04:00:00,10,1,-9
7,2017-09-18 06:00:00,169,29,-140
7,2017-09-18 08:00:00,204,79,-125
7,2017-09-18 10:00:00,44,17,-27
7,2017-09-18 12:00:00,28,28,0
7,2017-09-18 14:00:00,43,36,-7
7,2017-09-18 16:00:00,64,133,69
7,2017-09-18 18:00:00,92,241,149
7,2017-09-18 20:00:00,26,71,45
7,2017-09-18 22:00:00,5,15,10
7,2017-09-19 00:00:00,2,2,0
7,2017-09-19 02:00:00,0,2,2
7,2017-09-19 04:00:00,8,0,-8
7,2017-09-19 06:00:00,183,23,-160
7,2017-09-19 08:00:00,220,79,-141
7,2017-09-19 10:00:00,47,40,-7
7,2017-09-19 12:00:00,48,31,-17
7,2017-09-19 14:00:00,41,35,-6
7,2017-09-19 16:00:00,61,125,64
7,2017-09-19 18:00:00,111,265,154
7,2017-09-19 20:00:00,41,97,56
7,2017-09-19 22:00:00,20,33,13
8,2017-08-01 00:00:00,7,13,6
8,2017-08-01 02:00:00,0,5,5
8,2017-08-01 04:00:00,2,5,3
8,2017-08-01 06:00:00,95,21,-74
8,2017-08-01 08:00:00,174,80,-94
8,2017-08-01 10:00:00,64,50,-14
8,2017-08-01 12:00:00,69,43,-26
8,2017-08-01 14:00:00,49,48,-1
8,2017-08-01 16:00:00,85,113,28
8,2017-08-01 18:00:00,136,183,47
8,2017-08-01 20:00:00,57,87,30
8,2017-08-01 22:00:00,31,41,10
8,2017-08-02 00:00:00,8,15,7
8,2017-08-02 02:00:00,0,6,6
8,2017-08-02 04:00:00,5,2,-3
8,2017-08-02 06:00:00,63,28,-35
8,2017-08-02 08:00:00,156,81,-75
8,2017-08-02 10:00:00,54,24,-30
8,2017-08-02 12:00:00,20,17,-3
8,2017-08-02 14:00:00,8,13,5
8,2017-08-02 16:00:00,43,30,-13
8,2017-08-02 18:00:00,58,98,40
8,2017-08-02 20:00:00,39,46,7
8,2017-08-02 22:00:00,18,28,10
8,2017-08-03 00:00:00,1,11,10
8,2017-08-03 02:00:00,2,3,1
8,2017-08-03 04:00:00,2,2,0
8,2017-08-03 06:00:00,71,20,-51
8,2017-08-03 08:00:00,119,81,-38
8,2017-08-03 10:00:00,57,24,-33
8,2017-08-03 12:00:00,46,37,-9
8,2017-08-03 14:00:00,50,47,-3
8,2017-08-03 16:00:00,60,107,47
8,2017-08-03 18:00:00,109,161,52
8,2017-08-03 20:00:00,43,83,40
8,2017-08-03 22:00:00,30,50,20
8,2017-08-04 00:00:00,6,20,14
8,2017-08-04 02:00:00,9,4,-5
8,2017-08-04 04:00:00,3,1,-2
8,2017-08-04 06:00:00,67,24,-43
8,2017-08-04 08:00:00,138,63,-75
8,2017-08-04 10:00:00,61,32,-29
8,2017-08-04 12:00:00,53,56,3
8,2017-08-04 14:00:00,62,44,-18
8,2017-08-04 16:00:00,81,108,27
8,2017-08-04 18:00:00,77,135,58
8,2017-08-04 20:00:00,41,74,33
8,2017-08-04 22:00:00,34,34,0
8,2017-08-05 00:00:00,16,28,12
8,2017-08-05 02:00:00,10,14,4
8,2017-08-05 04:00:00,5,1,-4
8,2017-08-05 06:00:00,5,3,-2
8,2017-08-05 08:00:00,65,28,-37
8,2017-08-05 10:00:00,95,85,-10
8,2017-08-05 12:00:00,100,102,2
8,2017-08-05 14:00:00,126,110,-16
8,2017-08-05 16:00:00,127,124,-3
8,2017-08-05 18:00:00,98,98,0
8,2017-08-05 20:00:00,44,65,21
8,2017-08-05 22:00:00,33,40,7
8,2017-08-06 00:00:00,20,16,-4
8,2017-08-06 02:00:00,15,18,3
8,2017-08-06 04:00:00,2,2,0
8,2017-08-06 06:00:00,7,2,-5
8,2017-08-06 08:00:00,52,26,-26
8,2017-08-06 10:00:00,97,56,-41
8,2017-08-06 12:00:00,113,99,-14
8,2017-08-06 14:00:00,140,116,-24
8,2017-08-06 16:00:00,131,95,-36
8,2017-08-06 18:00:00,73,102,29
8,2017-08-06 20:00:00,36,48,12
8,2017-08-06 22:00:00,16,33,17
8,2017-08-07 00:00:00,4,9,5
8,2017-08-07 02:00:00,4,6,2
8,2017-08-07 04:00:00,7,7,0
8,2017-08-07 06:00:00,74,26,-48
8,2017-08-07 08:00:00,122,63,-59
8,2017-08-07 10:00:00,61,31,-30
8,2017-08-07 12:00:00,49,35,-14
8,2017-08-07 14:00:00,65,61,-4
8,2017-08-07 16:00:00,110,117,7
8,2017-08-07 18:00:00,56,133,77
8,2017-08-07 20:00:00,16,38,22
8,2017-08-07 22:00:00,12,21,9
8,2017-08-08 00:00:00,7,4,-3
8,2017-08-08 02:00:00,0,2,2
8,2017-08-08 04:00:00,1,5,4
8,2017-08-08 06:00:00,87,21,-66
8,2017-08-08 08:00:00,145,60,-85
8,2017-08-08 10:00:00,44,36,-8
8,2017-08-08 12:00:00,43,34,-9
8,2017-08-08 14:00:00,55,51,-4
8,2017-08-08 16:00:00,85,94,9
8,2017-08-08 18:00:00,98,151,53
8,2017-08-08 20:00:00,44,57,13
8,2017-08-08 22:00:00,25,32,7
8,2017-08-09 00:00:00,7,9,2
8,2017-08-09 02:00:00,1,4,3
8,2017-08-09 04:00:00,3,1,-2
8,2017-08-09 06:00:00,43,22,-21
8,2017-08-09 08:00:00,69,39,-30
8,2017-08-09 10:00:00,5,8,3
8,2017-08-09 12:00:00,7,3,-4
8,2017-08-09 14:00:00,4,4,0
8,2017-08-09 16:00:00,19,11,-8
8,2017-08-09 18:00:00,19,21,2
8,2017-08-09 20:00:00,5,6,1
8,2017-08-09 22:00:00,13,15,2
8,2017-08-10 00:00:00,7,8,1
8,2017-08-10 02:00:00,3,2,-1
8,2017-08-10 04:00:00,3,1,-2
8,2017-08-10 06:00:00,68,23,-45
8,2017-08-10 08:00:00,154,60,-94
8,2017-08-10 10:00:00,54,24,-30
8,2017-08-10 12:00:00,65,46,-19
8,2017-08-10 14:00:00,46,58,12
8,2017-08-10 16:00:00,87,94,7
8,2017-08-10 18:00:00,89,195,106
8,2017-08-10 20:00:00,66,85,19
8,2017-08-10 22:00:00,38,39,1
8,2017-08-11 00:00:00,7,14,7
8,2017-08-11 02:00:00,2,5,3
8,2017-08-11 04:00:00,4,2,-2
8,2017-08-11 06:00:00,63,29,-34
8,2017-08-11 08:00:00,136,53,-83
8,2017-08-11 10:00:00,55,28,-27
8,2017-08-11 12:00:00,58,55,-3
8,2017-08-11 14:00:00,69,53,-16
8,2017-08-11 16:00:00,76,110,34
8,2017-08-11 18:00:00,89,123,34
8,2017-08-11 20:00:00,40,38,-2
8,2017-08-11 22:00:00,18,29,11
8,2017-08-12 00:00:00,10,15,5
8,2017-08-12 02:00:00,8,12,4
8,2017-08-12 04:00:00,3,3,0
8,2017-08-12 06:00:00,12,7,-5
8,2017-08-12 08:00:00,41,19,-22
8,2017-08-12 10:00:00,87,72,-15
8,2017-08-12 12:00:00,116,105,-11
8,2017-08-12 14:00:00,130,140,10
8,2017-08-12 16:00:00,126,91,-35
8,2017-08-12 18:00:00,92,89,-3
8,2017-08-12 20:00:00,40,52,12
8,2017-08-12 22:00:00,28,29,1
8,2017-08-13 00:00:00,12,25,13
8,2017-08-13 02:00:00,6,11,5
8,2017-08-13 04:00:00,6,1,-5
8,2017-08-13 06:00:00,13,3,-10
8,2017-08-13 08:00:00,45,26,-19
8,2017-08-13 10:00:00,107,66,-41
8,2017-08-13 12:00:00,126,106,-20
8,2017-08-13 14:00:00,103,80,-23
8,2017-08-13 16:00:00,124,108,-16
8,2017-08-13 18:00:00,72,97,25
8,2017-08-13 20:00:00,40,62,22
8,2017-08-13 22:00:00,20,35,15
8,2017-08-14 00:00:00,5,8,3
8,2017-08-14 02:00:00,3,4,1
8,2017-08-14 04:00:00,3,2,-1
8,2017-08-14 06:00:00,64,22,-42
8,2017-08-14 08:00:00,127,60,-67
8,2017-08-14 10:00:00,38,27,-11
8,2017-08-14 12:00:00,60,40,-20
8,2017-08-14 14:00:00,53,46,-7
8,2017-08-14 16:00:00,70,96,26
8,2017-08-14 18:00:00,106,169,63
8,2017-08-14 20:00:00,49,76,27
8,2017-08-14 22:00:00,23,43,20
8,2017-08-15 00:00:00,4,6,2
8,2017-08-15 02:00:00,0,3,3
8,2017-08-15 04:00:00,1,1,0
8,2017-08-15 06:00:00,85,27,-58
8,2017-08-15 08:00:00,133,68,-65
8,2017-08-15 10:00:00,58,41,-17
8,2017-08-15 12:00:00,50,39,-11
8,2017-08-15 14:00:00,56,34,-22
8,2017-08-15 16:00:00,70,94,24
8,2017-08-15 18:00:00,102,169,67
8,2017-08-15 20:00:00,45,76,31
8,2017-08-15 22:00:00,26,45,19
8,2017-08-16 00:00:00,5,15,10
8,2017-08-16 02:00:00,4,4,0
8,2017-08-16 04:00:00,3,2,-1
8,2017-08-16 06:00:00,84,29,-55
8,2017-08-16 08:00:00,162,64,-98
8,2017-08-16 10:00:00,48,27,-21
8,2017-08-16 12:00:00,53,43,-10
8,2017-08-16 14:00:00,53,54,1
8,2017-08-16 16:00:00,75,88,13
8,2017-08-16 18:00:00,93,177,84
8,2017-08-16 20:00:00,49,65,16
8,2017-08-16 22:00:00,19,30,11
8,2017-08-17 00:00:00,5,8,3
8,2017-08-17 02:00:00,4,2,-2
8,2017-08-17 04:00:00,2,2,0
8,2017-08-17 06:00:00,50,18,-32
8,2017-08-17 08:00:00,106,56,-50
8,2017-08-17 10:00:00,55,32,-23
8,2017-08-17 12:00:00,47,45,-2
8,2017-08-17 14:00:00,67,41,-26
8,2017-08-17 16:00:00,80,94,14
8,2017-08-17 18:00:00,70,134,64
8,2017-08-17 20:00:00,53,50,-3
8,2017-08-17 22:00:00,27,36,9
8,2017-08-18 00:00:00,11,10,-1
8,2017-08-18 02:00:00,2,6,4
8,2017-08-18 04:00:00,0,3,3
8,2017-08-18 06:00:00,67,18,-49
8,2017-08-18 08:00:00,110,64,-46
8,2017-08-18 10:00:00,52,36,-16
8,2017-08-18 12:00:00,39,32,-7
8,2017-08-18 14:00:00,37,45,8
8,2017-08-18 16:00:00,47,60,13
8,2017-08-18 18:00:00,59,93,34
8,2017-08-18 20:00:00,41,43,2
8,2017-08-18 22:00:00,16,16,0
8,2017-08-19 00:00:00,2,8,6
8,2017-08-19 02:00:00,6,7,1
8,2017-08-19 04:00:00,5,4,-1
8,2017-08-19 06:00:00,10,5,-5
8,2017-08-19 08:00:00,58,36,-22
8,2017-08-19 10:00:00,80,76,-4
8,2017-08-19 12:00:00,140,72,-68
8,2017-08-19 14:00:00,133,75,-58
8,2017-08-19 16:00:00,83,109,26
8,2017-08-19 18:00:00,67,65,-2
8,2017-08-19 20:00:00,22,45,23
8,2017-08-19 22:00:00,20,18,-2
8,2017-08-20 00:00:00,5,11,6
8,2017-08-20 02:00:00,7,6,-1
8,2017-08-20 04:00:00,0,4,4
8,2017-08-20 06:00:00,8,2,-6
8,2017-08-20 08:00:00,43,15,-28
8,2017-08-20 10:00:00,70,56,-14
8,2017-08-20 12:00:00,132,100,-32
8,2017-08-20 14:00:00,96,67,-29
8,2017-08-20 16:00:00,82,74,-8
8,2017-08-20 18:00:00,24,47,23
8,2017-08-20 20:00:00,17,25,8
8,2017-08-20 22:00:00,7,7,0
8,2017-08-21 00:00:00,0,5,5
8,2017-08-21 02:00:00,0,2,2
8,2017-08-21 04:00:00,1,2,1
8,2017-08-21 06:00:00,22,18,-4
8,2017-08-21 08:00:00,88,47,-41
8,2017-08-21 10:00:00,50,26,-24
8,2017-08-21 12:00:00,38,29,-9
8,2017-08-21 14:00:00,44,42,-2
8,2017-08-21 16:00:00,82,79,-3
8,2017-08-21 18:00:00,69,134,65
8,2017-08-21 20:00:00,44,62,18
8,2017-08-21 22:00:00,21,20,-1
8,2017-08-22 00:00:00,1,8,7
8,2017-08-22 02:00:00,2,3,1
8,2017-08-22 04:00:00,3,5,2
8,2017-08-22 06:00:00,73,24,-49
8,2017-08-22 08:00:00,133,69,-64
8,2017-08-22 10:00:00,53,28,-25
8,2017-08-22 12:00:00,61,40,-21
8,2017-08-22 14:00:00,60,44,-16
8,2017-08-22 16:00:00,75,80,5
8,2017-08-22 18:00:00,98,153,55
8,2017-08-22 20:00:00,49,50,1
8,2017-08-22 22:00:00,21,30,9
8,2017-08-23 00:00:00,2,6,4
8,2017-08-23 02:00:00,3,3,0
8,2017-08-23 04:00:00,7,1,-6
8,2017-08-23 06:00:00,73,23,-50
8,2017-08-23 08:00:00,113,64,-49
8,2017-08-23 10:00:00,54,33,-21
8,2017-08-23 12:00:00,57,45,-12
8,2017-08-23 14:00:00,54,31,-23
8,2017-08-23 16:00:00,81,70,-11
8,2017-08-23 18:00:00,84,151,67
8,2017-08-23 20:00:00,61,67,6
8,2017-08-23 22:00:00,18,36,18
8,2017-08-24 00:00:00,6,11,5
8,2017-08-24 02:00:00,2,5,3
8,2017-08-24 04:00:00,3,1,-2
8,2017-08-24 06:00:00,70,19,-51
8,2017-08-24 08:00:00,144,70,-74
8,2017-08-24 10:00:00,52,28,-24
8,2017-08-24 12:00:00,49,44,-5
8,2017-08-24 14:00:00,49,38,-11
8,2017-08-24 16:00:00,87,74,-13
8,2017-08-24 18:00:00,101,162,61
8,2017-08-24 20:00:00,48,59,11
8,2017-08-24 22:00:00,23,27,4
8,2017-08-25 00:00:00,5,20,15
8,2017-08-25 02:00:00,2,4,2
8,2017-08-25 04:00:00,7,5,-2
8,2017-08-25 06:00:00,58,19,-39
8,2017-08-25 08:00:00,108,65,-43
8,2017-08-25 10:00:00,54,36,-18
8,2017-08-25 12:00:00,72,53,-19
8,2017-08-25 14:00:00,64,59,-5
8,2017-08-25 16:00:00,85,111,26
8,2017-08-25 18:00:00,71,98,27
8,2017-08-25 20:00:00,51,48,-3
8,2017-08-25 22:00:00,18,41,23
8,2017-08-26 00:00:00,17,25,8
8,2017-08-26 02:00:00,6,20,14
8,2017-08-26 04:00:00,0,6,6
8,2017-08-26 06:00:00,15,6,-9
8,2017-08-26 08:00:00,25,24,-1
8,2017-08-26 10:00:00,74,63,-11
8,2017-08-26 12:00:00,120,93,-27
8,2017-08-26 14:00:00,112,87,-25
8,2017-08-26 16:00:00,117,112,-5
8,2017-08-26 18:00:00,85,70,-15
8,2017-08-26 20:00:00,39,69,30
8,2017-08-26 22:00:00,33,26,-7
8,2017-08-27 00:00:00,16,29,13
8,2017-08-27 02:00:00,16,15,-1
8,2017-08-27 04:00:00,1,10,9
8,2017-08-27 06:00:00,11,6,-5
8,2017-08-27 08:00:00,42,20,-22
8,2017-08-27 10:00:00,55,80,25
8,2017-08-27 12:00:00,99,137,38
8,2017-08-27 14:00:00,149,212,63
8,2017-08-27 16:00:00,195,173,-22
8,2017-08-27 18:00:00,207,96,-111
8,2017-08-27 20:00:00,94,51,-43
8,2017-08-27 22:00:00,23,25,2
8,2017-08-28 00:00:00,14,22,8
8,2017-08-28 02:00:00,16,13,-3
8,2017-08-28 04:00:00,2,11,9
8,2017-08-28 06:00:00,15,6,-9
8,2017-08-28 08:00:00,16,22,6
8,2017-08-28 10:00:00,41,59,18
8,2017-08-28 12:00:00,96,144,48
8,2017-08-28 14:00:00,159,179,20
8,2017-08-28 16:00:00,181,153,-28
8,2017-08-28 18:00:00,163,98,-65
8,2017-08-28 20:00:00,87,49,-38
8,2017-08-28 22:00:00,29,29,0
8,2017-08-29 00:00:00,15,17,2
8,2017-08-29 02:00:00,8,4,-4
8,2017-08-29 04:00:00,8,3,-5
8,2017-08-29 06:00:00,44,21,-23
8,2017-08-29 08:00:00,68,66,-2
8,2017-08-29 10:00:00,48,34,-14
8,2017-08-29 12:00:00,55,28,-27
8,2017-08-29 14:00:00,55,46,-9
8,2017-08-29 16:00:00,78,78,0
8,2017-08-29 18:00:00,111,165,54
8,2017-08-29 20:00:00,44,60,16
8,2017-08-29 22:00:00,14,25,11
8,2017-08-30 00:00:00,1,8,7
8,2017-08-30 02:00:00,2,4,2
8,2017-08-30 04:00:00,2,3,1
8,2017-08-30 06:00:00,71,29,-42
8,2017-08-30 08:00:00,119,85,-34
8,2017-08-30 10:00:00,21,29,8
8,2017-08-30 12:00:00,10,13,3
8,2017-08-30 14:00:00,9,12,3
8,2017-08-30 16:00:00,32,24,-8
8,2017-08-30 18:00:00,73,77,4
8,2017-08-30 20:00:00,35,51,16
8,2017-08-30 22:00:00,18,26,8
8,2017-08-31 00:00:00,5,12,7
8,2017-08-31 02:00:00,3,5,2
8,2017-08-31 04:00:00,1,2,1
8,2017-08-31 06:00:00,69,28,-41
8,2017-08-31 08:00:00,126,73,-53
8,2017-08-31 10:00:00,41,36,-5
8,2017-08-31 12:00:00,65,40,-25
8,2017-08-31 14:00:00,44,45,1
8,2017-08-31 16:00:00,75,90,15
8,2017-08-31 18:00:00,99,145,46
8,2017-08-31 20:00:00,43,78,35
8,2017-08-31 22:00:00,16,26,10
8,2017-09-01 00:00:00,8,16,8
8,2017-09-01 02:00:00,1,11,10
8,2017-09-01 04:00:00,2,0,-2
8,2017-09-01 06:00:00,68,16,-52
8,2017-09-01 08:00:00,130,72,-58
8,2017-09-01 10:00:00,63,48,-15
8,2017-09-01 12:00:00,53,59,6
8,2017-09-01 14:00:00,61,56,-5
8,2017-09-01 16:00:00,80,102,22
8,2017-09-01 18:00:00,83,133,50
8,2017-09-01 20:00:00,45,47,2
8,2017-09-01 22:00:00,22,24,2
8,2017-09-02 00:00:00,23,22,-1
8,2017-09-02 02:00:00,1,10,9
8,2017-09-02 04:00:00,6,4,-2
8,2017-09-02 06:00:00,12,4,-8
8,2017-09-02 08:00:00,44,27,-17
8,2017-09-02 10:00:00,104,68,-36
8,2017-09-02 12:00:00,135,111,-24
8,2017-09-02 14:00:00,160,124,-36
8,2017-09-02 16:00:00,158,125,-33
8,2017-09-02 18:00:00,87,101,14
8,2017-09-02 20:00:00,39,74,35
8,2017-09-02 22:00:00,26,27,1
8,2017-09-03 00:00:00,13,24,11
8,2017-09-03 02:00:00,6,8,2
8,2017-09-03 04:00:00,1,0,-1
8,2017-09-03 06:00:00,11,1,-10
8,2017-09-03 08:00:00,47,18,-29
8,2017-09-03 10:00:00,91,60,-31
8,2017-09-03 12:00:00,100,85,-15
8,2017-09-03 14:00:00,82,74,-8
8,2017-09-03 16:00:00,46,69,23
8,2017-09-03 18:00:00,38,46,8
8,2017-09-03 20:00:00,22,28,6
8,2017-09-03 22:00:00,2,11,9
8,2017-09-04 00:00:00,2,4,2
8,2017-09-04 02:00:00,0,2,2
8,2017-09-04 04:00:00,1,0,-1
8,2017-09-04 06:00:00,36,16,-20
8,2017-09-04 08:00:00,96,39,-57
8,2017-09-04 10:00:00,34,27,-7
8,2017-09-04 12:00:00,33,31,-2
8,2017-09-04 14:00:00,47,43,-4
8,2017-09-04 16:00:00,84,75,-9
8,2017-09-04 18:00:00,97,152,55
8,2017-09-04 20:00:00,38,60,22
8,2017-09-04 22:00:00,17,38,21
8,2017-09-05 00:00:00,5,7,2
8,2017-09-05 02:00:00,5,6,1
8,2017-09-05 04:00:00,6,2,-4
8,2017-09-05 06:00:00,60,23,-37
8,2017-09-05 08:00:00,152,78,-74
8,2017-09-05 10:00:00,59,40,-19
8,2017-09-05 12:00:00,49,52,3
8,2017-09-05 14:00:00,67,46,-21
8,2017-09-05 16:00:00,52,83,31
8,2017-09-05 18:00:00,81,178,97
8,2017-09-05 20:00:00,43,57,14
8,2017-09-05 22:00:00,18,22,4
8,2017-09-06 00:00:00,3,12,9
8,2017-09-06 02:00:00,3,5,2
8,2017-09-06 04:00:00,5,5,0
8,2017-09-06 06:00:00,79,32,-47
8,2017-09-06 08:00:00,163,96,-67
8,2017-09-06 10:00:00,51,28,-23
8,2017-09-06 12:00:00,39,26,-13
8,2017-09-06 14:00:00,56,46,-10
8,2017-09-06 16:00:00,75,103,28
8,2017-09-06 18:00:00,111,154,43
8,2017-09-06 20:00:00,48,79,31
8,2017-09-06 22:00:00,42,36,-6
8,2017-09-07 00:00:00,7,18,11
8,2017-09-07 02:00:00,8,13,5
8,2017-09-07 04:00:00,2,1,-1
8,2017-09-07 06:00:00,59,22,-37
8,2017-09-07 08:00:00,183,92,-91
8,2017-09-07 10:00:00,53,28,-25
8,2017-09-07 12:00:00,30,40,10
8,2017-09-07 14:00:00,63,46,-17
8,2017-09-07 16:00:00,67,109,42
8,2017-09-07 18:00:00,96,148,52
8,2017-09-07 20:00:00,40,58,18
8,2017-09-07 22:00:00,39,27,-12
8,2017-09-08 00:00:00,12,14,2
8,2017-09-08 02:00:00,3,5,2
8,2017-09-08 04:00:00,4,6,2
8,2017-09-08 06:00:00,20,10,-10
8,2017-09-08 08:00:00,66,48,-18
8,2017-09-08 10:00:00,52,17,-35
8,2017-09-08 12:00:00,21,8,-13
8,2017-09-08 14:00:00,39,29,-10
8,2017-09-08 16:00:00,97,88,-9
8,2017-09-08 18:00:00,59,105,46
8,2017-09-08 20:00:00,30,30,0
8,2017-09-08 22:00:00,20,27,7
8,2017-09-09 00:00:00,14,9,-5
8,2017-09-09 02:00:00,13,15,2
8,2017-09-09 04:00:00,5,6,1
8,2017-09-09 06:00:00,10,6,-4
8,2017-09-09 08:00:00,56,34,-22
8,2017-09-09 10:00:00,125,108,-17
8,2017-09-09 12:00:00,127,109,-18
8,2017-09-09 14:00:00,178,98,-80
8,2017-09-09 16:00:00,87,87,0
8,2017-09-09 18:00:00,68,115,47
8,2017-09-09 20:00:00,25,54,29
8,2017-09-09 22:00:00,24,34,10
8,2017-09-10 00:00:00,13,24,11
8,2017-09-10 02:00:00,7,7,0
8,2017-09-10 04:00:00,0,4,4
8,2017-09-10 06:00:00,9,4,-5
8,2017-09-10 08:00:00,43,24,-19
8,2017-09-10 10:00:00,92,57,-35
8,2017-09-10 12:00:00,108,81,-27
8,2017-09-10 14:00:00,104,103,-1
8,2017-09-10 16:00:00,83,76,-7
8,2017-09-10 18:00:00,38,37,-1
8,2017-09-10 20:00:00,17,19,2
8,2017-09-10 22:00:00,6,14,8
8,2017-09-11 00:00:00,5,7,2
8,2017-09-11 02:00:00,3,1,-2
8,2017-09-11 04:00:00,3,1,-2
8,2017-09-11 06:00:00,52,26,-26
8,2017-09-11 08:00:00,104,56,-48
8,2017-09-11 10:00:00,42,18,-24
8,2017-09-11 12:00:00,52,32,-20
8,2017-09-11 14:00:00,43,29,-14
8,2017-09-11 16:00:00,46,53,7
8,2017-09-11 18:00:00,90,130,40
8,2017-09-11 20:00:00,36,46,10
8,2017-09-11 22:00:00,16,25,9
8,2017-09-12 00:00:00,4,10,6
8,2017-09-12 02:00:00,3,4,1
8,2017-09-12 04:00:00,2,1,-1
8,2017-09-12 06:00:00,67,30,-37
8,2017-09-12 08:00:00,141,76,-65
8,2017-09-12 10:00:00,32,20,-12
8,2017-09-12 12:00:00,39,32,-7
8,2017-09-12 14:00:00,50,50,0
8,2017-09-12 16:00:00,69,92,23
8,2017-09-12 18:00:00,92,152,60
8,2017-09-12 20:00:00,23,33,10
8,2017-09-12 22:00:00,4,4,0
8,2017-09-13 00:00:00,7,5,-2
8,2017-09-13 02:00:00,1,4,3
8,2017-09-13 04:00:00,2,2,0
8,2017-09-13 06:00:00,66,24,-42
8,2017-09-13 08:00:00,153,80,-73
8,2017-09-13 10:00:00,37,31,-6
8,2017-09-13 12:00:00,40,32,-8
8,2017-09-13 14:00:00,38,34,-4
8,2017-09-13 16:00:00,77,79,2
8,2017-09-13 18:00:00,109,171,62
8,2017-09-13 20:00:00,46,52,6
8,2017-09-13 22:00:00,18,30,12
8,2017-09-14 00:00:00,6,14,8
8,2017-09-14 02:00:00,0,7,7
8,2017-09-14 04:00:00,4,3,-1
8,2017-09-14 06:00:00,62,22,-40
8,2017-09-14 08:00:00,139,71,-68
8,2017-09-14 10:00:00,40,28,-12
8,2017-09-14 12:00:00,42,38,-4
8,2017-09-14 14:00:00,47,55,8
8,2017-09-14 16:00:00,67,80,13
8,2017-09-14 18:00:00,77,120,43
8,2017-09-14 20:00:00,36,53,17
8,2017-09-14 22:00:00,24,25,1
8,2017-09-15 00:00:00,6,9,3
8,2017-09-15 02:00:00,2,2,0
8,2017-09-15 04:00:00,7,0,-7
8,2017-09-15 06:00:00,59,17,-42
8,2017-09-15 08:00:00,142,72,-70
8,2017-09-15 10:00:00,28,46,18
8,2017-09-15 12:00:00,74,63,-11
8,2017-09-15 14:00:00,51,48,-3
8,2017-09-15 16:00:00,76,96,20
8,2017-09-15 18:00:00,71,125,54
8,2017-09-15 20:00:00,25,39,14
8,2017-09-15 22:00:00,22,16,-6
8,2017-09-16 00:00:00,17,9,-8
8,2017-09-16 02:00:00,5,13,8
8,2017-09-16 04:00:00,4,2,-2
8,2017-09-16 06:00:00,14,8,-6
8,2017-09-16 08:00:00,42,30,-12
8,2017-09-16 10:00:00,89,78,-11
8,2017-09-16 12:00:00,120,99,-21
8,2017-09-16 14:00:00,111,82,-29
8,2017-09-16 16:00:00,100,92,-8
8,2017-09-16 18:00:00,70,95,25
8,2017-09-16 20:00:00,36,38,2
8,2017-09-16 22:00:00,18,23,5
8,2017-09-17 00:00:00,22,19,-3
8,2017-09-17 02:00:00,11,7,-4
8,2017-09-17 04:00:00,2,5,3
8,2017-09-17 06:00:00,10,6,-4
8,2017-09-17 08:00:00,31,16,-15
8,2017-09-17 10:00:00,66,44,-22
8,2017-09-17 12:00:00,100,108,8
8,2017-09-17 14:00:00,94,75,-19
8,2017-09-17 16:00:00,90,108,18
8,2017-09-17 18:00:00,31,67,36
8,2017-09-17 20:00:00,26,31,5
8,2017-09-17 22:00:00,7,10,3
8,2017-09-18 00:00:00,5,16,11
8,2017-09-18 02:00:00,1,1,0
8,2017-09-18 04:00:00,3,2,-1
8,2017-09-18 06:00:00,50,25,-25
8,2017-09-18 08:00:00,169,61,-108
8,2017-09-18 10:00:00,35,27,-8
8,2017-09-18 12:00:00,30,28,-2
8,2017-09-18 14:00:00,39,52,13
8,2017-09-18 16:00:00,57,86,29
8,2017-09-18 18:00:00,76,153,77
8,2017-09-18 20:00:00,42,54,12
8,2017-09-18 22:00:00,11,7,-4
8,2017-09-19 00:00:00,7,8,1
8,2017-09-19 02:00:00,5,4,-1
8,2017-09-19 04:00:00,4,0,-4
8,2017-09-19 06:00:00,75,29,-46
8,2017-09-19 08:00:00,156,81,-75
8,2017-09-19 10:00:00,44,19,-25
8,2017-09-19 12:00:00,44,34,-10
8,2017-09-19 14:00:00,47,50,3
8,2017-09-19 16:00:00,78,92,14
8,2017-09-19 18:00:00,86,182,96
8,2017-09-19 20:00:00,45,61,16
8,2017-09-19 22:00:00,14,36,22
9,2017-08-01 00:00:00,10,9,-1
9,2017-08-01 02:00:00,2,0,-2
9,2017-08-01 04:00:00,12,12,0
9,2017-08-01 06:00:00,180,281,101
9,2017-08-01 08:00:00,426,826,400
9,2017-08-01 10:00:00,139,158,19
9,2017-08-01 12:00:00,150,152,2
9,2017-08-01 14:00:00,162,132,-30
9,2017-08-01 16:00:00,623,258,-365
9,2017-08-01 18:00:00,439,302,-137
9,2017-08-01 20:00:00,140,134,-6
9,2017-08-01 22:00:00,65,44,-21
9,2017-08-02 00:00:00,14,11,-3
9,2017-08-02 02:00:00,6,5,-1
9,2017-08-02 04:00:00,11,11,0
9,2017-08-02 06:00:00,172,272,100
9,2017-08-02 08:00:00,409,779,370
9,2017-08-02 10:00:00,114,157,43
9,2017-08-02 12:00:00,92,108,16
9,2017-08-02 14:00:00,33,28,-5
9,2017-08-02 16:00:00,401,134,-267
9,2017-08-02 18:00:00,448,257,-191
9,2017-08-02 20:00:00,98,73,-25
9,2017-08-02 22:00:00,32,46,14
9,2017-08-03 00:00:00,8,4,-4
9,2017-08-03 02:00:00,4,2,-2
9,2017-08-03 04:00:00,17,9,-8
9,2017-08-03 06:00:00,178,246,68
9,2017-08-03 08:00:00,383,780,397
9,2017-08-03 10:00:00,134,153,19
9,2017-08-03 12:00:00,149,137,-12
9,2017-08-03 14:00:00,130,123,-7
9,2017-08-03 16:00:00,576,242,-334
9,2017-08-03 18:00:00,454,269,-185
9,2017-08-03 20:00:00,102,88,-14
9,2017-08-03 22:00:00,30,55,25
9,2017-08-04 00:00:00,21,11,-10
9,2017-08-04 02:00:00,6,4,-2
9,2017-08-04 04:00:00,9,10,1
9,2017-08-04 06:00:00,149,201,52
9,2017-08-04 08:00:00,364,718,354
9,2017-08-04 10:00:00,124,142,18
9,2017-08-04 12:00:00,191,139,-52
9,2017-08-04 14:00:00,190,131,-59
9,2017-08-04 16:00:00,515,249,-266
9,2017-08-04 18:00:00,364,248,-116
9,2017-08-04 20:00:00,135,115,-20
9,2017-08-04 22:00:00,63,64,1
9,2017-08-05 00:00:00,34,33,-1
9,2017-08-05 02:00:00,12,12,0
9,2017-08-05 04:00:00,13,9,-4
9,2017-08-05 06:00:00,22,13,-9
9,2017-08-05 08:00:00,74,40,-34
9,2017-08-05 10:00:00,135,124,-11
9,2017-08-05 12:00:00,146,99,-47
9,2017-08-05 14:00:00,161,127,-34
9,2017-08-05 16:00:00,147,155,8
9,2017-08-05 18:00:00,140,125,-15
9,2017-08-05 20:00:00,82,83,1
9,2017-08-05 22:00:00,77,71,-6
9,2017-08-06 00:00:00,37,42,5
9,2017-08-06 02:00:00,7,14,7
9,2017-08-06 04:00:00,2,7,5
9,2017-08-06 06:00:00,21,9,-12
9,2017-08-06 08:00:00,61,38,-23
9,2017-08-06 10:00:00,201,122,-79
9,2017-08-06 12:00:00,234,191,-43
9,2017-08-06 14:00:00,219,212,-7
9,2017-08-06 16:00:00,173,244,71
9,2017-08-06 18:00:00,136,165,29
9,2017-08-06 20:00:00,72,106,34
9,2017-08-06 22:00:00,25,32,7
9,2017-08-07 00:00:00,8,9,1
9,2017-08-07 02:00:00,5,5,0
9,2017-08-07 04:00:00,12,6,-6
9,2017-08-07 06:00:00,165,242,77
9,2017-08-07 08:00:00,333,727,394
9,2017-08-07 10:00:00,114,110,-4
9,2017-08-07 12:00:00,138,145,7
9,2017-08-07 14:00:00,153,119,-34
9,2017-08-07 16:00:00,563,229,-334
9,2017-08-07 18:00:00,366,269,-97
9,2017-08-07 20:00:00,70,86,16
9,2017-08-07 22:00:00,37,33,-4
9,2017-08-08 00:00:00,1,7,6
9,2017-08-08 02:00:00,5,2,-3
9,2017-08-08 04:00:00,10,9,-1
9,2017-08-08 06:00:00,182,262,80
9,2017-08-08 08:00:00,372,798,426
9,2017-08-08 10:00:00,109,153,44
9,2017-08-08 12:00:00,157,154,-3
9,2017-08-08 14:00:00,141,128,-13
9,2017-08-08 16:00:00,554,226,-328
9,2017-08-08 18:00:00,424,287,-137
9,2017-08-08 20:00:00,101,81,-20
9,2017-08-08 22:00:00,45,48,3
9,2017-08-09 00:00:00,13,12,-1
9,2017-08-09 02:00:00,3,4,1
9,2017-08-09 04:00:00,8,12,4
9,2017-08-09 06:00:00,136,207,71
9,2017-08-09 08:00:00,186,368,182
9,2017-08-09 10:00:00,18,30,12
9,2017-08-09 12:00:00,32,36,4
9,2017-08-09 14:00:00,32,17,-15
9,2017-08-09 16:00:00,139,68,-71
9,2017-08-09 18:00:00,141,57,-84
9,2017-08-09 20:00:00,32,18,-14
9,2017-08-09 22:00:00,27,20,-7
9,2017-08-10 00:00:00,5,11,6
9,2017-08-10 02:00:00,4,1,-3
9,2017-08-10 04:00:00,9,7,-2
9,2017-08-10 06:00:00,159,246,87
9,2017-08-10 08:00:00,358,759,401
9,2017-08-10 10:00:00,130,186,56
9,2017-08-10 12:00:00,185,174,-11
9,2017-08-10 14:00:00,182,138,-44
9,2017-08-10 16:00:00,547,230,-317
9,2017-08-10 18:00:00,442,297,-145
9,2017-08-10 20:00:00,107,89,-18
9,2017-08-10 22:00:00,42,44,2
9,2017-08-11 00:00:00,15,12,-3
9,2017-08-11 02:00:00,18,3,-15
9,2017-08-11 04:00:00,9,8,-1
9,2017-08-11 06:00:00,128,205,77
9,2017-08-11 08:00:00,359,693,334
9,2017-08-11 10:00:00,138,141,3
9,2017-08-11 12:00:00,196,171,-25
9,2017-08-11 14:00:00,179,163,-16
9,2017-08-11 16:00:00,514,258,-256
9,2017-08-11 18:00:00,346,245,-101
9,2017-08-11 20:00:00,81,94,13
9,2017-08-11 22:00:00,59,63,4
9,2017-08-12 00:00:00,37,23,-14
9,2017-08-12 02:00:00,22,18,-4
9,2017-08-12 04:00:00,10,6,-4
9,2017-08-12 06:00:00,22,14,-8
9,2017-08-12 08:00:00,71,42,-29
9,2017-08-12 10:00:00,172,114,-58
9,2017-08-12 12:00:00,209,148,-61
9,2017-08-12 14:00:00,154,157,3
9,2017-08-12 16:00:00,182,181,-1
9,2017-08-12 18:00:00,152,152,0
9,2017-08-12 20:00:00,66,105,39
9,2017-08-12 22:00:00,52,58,6
9,2017-08-13 00:00:00,25,47,22
9,2017-08-13 02:00:00,25,31,6
9,2017-08-13 04:00:00,18,16,-2
9,2017-08-13 06:00:00,10,12,2
9,2017-08-13 08:00:00,81,26,-55
9,2017-08-13 10:00:00,206,132,-74
9,2017-08-13 12:00:00,229,191,-38
9,2017-08-13 14:00:00,225,187,-38
9,2017-08-13 16:00:00,192,177,-15
9,2017-08-13 18:00:00,145,161,16
9,2017-08-13 20:00:00,84,111,27
9,2017-08-13 22:00:00,34,43,9
9,2017-08-14 00:00:00,19,27,8
9,2017-08-14 02:00:00,6,6,0
9,2017-08-14 04:00:00,14,7,-7
9,2017-08-14 06:00:00,178,244,66
9,2017-08-14 08:00:00,358,745,387
9,2017-08-14 10:00:00,125,137,12
9,2017-08-14 12:00:00,151,159,8
9,2017-08-14 14:00:00,149,119,-30
9,2017-08-14 16:00:00,582,241,-341
9,2017-08-14 18:00:00,405,310,-95
9,2017-08-14 20:00:00,79,95,16
9,2017-08-14 22:00:00,37,52,15
9,2017-08-15 00:00:00,10,8,-2
9,2017-08-15 02:00:00,0,1,1
9,2017-08-15 04:00:00,12,10,-2
9,2017-08-15 06:00:00,169,254,85
9,2017-08-15 08:00:00,402,705,303
9,2017-08-15 10:00:00,148,154,6
9,2017-08-15 12:00:00,185,166,-19
9,2017-08-15 14:00:00,162,144,-18
9,2017-08-15 16:00:00,557,247,-310
9,2017-08-15 18:00:00,369,339,-30
9,2017-08-15 20:00:00,107,97,-10
9,2017-08-15 22:00:00,48,56,8
9,2017-08-16 00:00:00,10,10,0
9,2017-08-16 02:00:00,1,4,3
9,2017-08-16 04:00:00,15,10,-5
9,2017-08-16 06:00:00,194,241,47
9,2017-08-16 08:00:00,391,790,399
9,2017-08-16 10:00:00,151,125,-26
9,2017-08-16 12:00:00,162,160,-2
9,2017-08-16 14:00:00,153,121,-32
9,2017-08-16 16:00:00,520,243,-277
9,2017-08-16 18:00:00,503,339,-164
9,2017-08-16 20:00:00,121,102,-19
9,2017-08-16 22:00:00,31,46,15
9,2017-08-17 00:00:00,11,9,-2
9,2017-08-17 02:00:00,7,1,-6
9,2017-08-17 04:00:00,8,6,-2
9,2017-08-17 06:00:00,127,174,47
9,2017-08-17 08:00:00,345,657,312
9,2017-08-17 10:00:00,117,109,-8
9,2017-08-17 12:00:00,162,147,-15
9,2017-08-17 14:00:00,167,151,-16
9,2017-08-17 16:00:00,553,229,-324
9,2017-08-17 18:00:00,416,290,-126
9,2017-08-17 20:00:00,91,94,3
9,2017-08-17 22:00:00,50,51,1
9,2017-08-18 00:00:00,11,13,2
9,2017-08-18 02:00:00,11,11,0
9,2017-08-18 04:00:00,5,7,2
9,2017-08-18 06:00:00,123,188,65
9,2017-08-18 08:00:00,384,654,270
9,2017-08-18 10:00:00,131,150,19
9,2017-08-18 12:00:00,163,156,-7
9,2017-08-18 14:00:00,134,105,-29
9,2017-08-18 16:00:00,395,181,-214
9,2017-08-18 18:00:00,331,230,-101
9,2017-08-18 20:00:00,73,73,0
9,2017-08-18 22:00:00,54,48,-6
9,2017-08-19 00:00:00,30,31,1
9,2017-08-19 02:00:00,15,22,7
9,2017-08-19 04:00:00,18,11,-7
9,2017-08-19 06:00:00,6,17,11
9,2017-08-19 08:00:00,78,53,-25
9,2017-08-19 10:00:00,150,126,-24
9,2017-08-19 12:00:00,190,154,-36
9,2017-08-19 14:00:00,210,158,-52
9,2017-08-19 16:00:00,186,164,-22
9,2017-08-19 18:00:00,156,164,8
9,2017-08-19 20:00:00,64,89,25
9,2017-08-19 22:00:00,54,47,-7
9,2017-08-20 00:00:00,41,31,-10
9,2017-08-20 02:00:00,14,19,5
9,2017-08-20 04:00:00,5,9,4
9,2017-08-20 06:00:00,19,7,-12
9,2017-08-20 08:00:00,56,49,-7
9,2017-08-20 10:00:00,166,89,-77
9,2017-08-20 12:00:00,173,132,-41
9,2017-08-20 14:00:00,181,207,26
9,2017-08-20 16:00:00,131,177,46
9,2017-08-20 18:00:00,82,91,9
9,2017-08-20 20:00:00,44,45,1
9,2017-08-20 22:00:00,16,12,-4
9,2017-08-21 00:00:00,6,4,-2
9,2017-08-21 02:00:00,0,2,2
9,2017-08-21 04:00:00,6,6,0
9,2017-08-21 06:00:00,101,164,63
9,2017-08-21 08:00:00,301,574,273
9,2017-08-21 10:00:00,86,82,-4
9,2017-08-21 12:00:00,139,106,-33
9,2017-08-21 14:00:00,125,104,-21
9,2017-08-21 16:00:00,505,207,-298
9,2017-08-21 18:00:00,338,279,-59
9,2017-08-21 20:00:00,93,80,-13
9,2017-08-21 22:00:00,48,42,-6
9,2017-08-22 00:00:00,11,13,2
9,2017-08-22 02:00:00,5,0,-5
9,2017-08-22 04:00:00,13,9,-4
9,2017-08-22 06:00:00,155,236,81
9,2017-08-22 08:00:00,395,732,337
9,2017-08-22 10:00:00,118,142,24
9,2017-08-22 12:00:00,156,158,2
9,2017-08-22 14:00:00,147,106,-41
9,2017-08-22 16:00:00,557,238,-319
9,2017-08-22 18:00:00,427,305,-122
9,2017-08-22 20:00:00,97,77,-20
9,2017-08-22 22:00:00,32,31,-1
9,2017-08-23 00:00:00,15,6,-9
9,2017-08-23 02:00:00,3,2,-1
9,2017-08-23 04:00:00,7,8,1
9,2017-08-23 06:00:00,170,243,73
9,2017-08-23 08:00:00,409,765,356
9,2017-08-23 10:00:00,117,173,56
9,2017-08-23 12:00:00,168,143,-25
9,2017-08-23 14:00:00,154,135,-19
9,2017-08-23 16:00:00,585,229,-356
9,2017-08-23 18:00:00,389,325,-64
9,2017-08-23 20:00:00,118,98,-20
9,2017-08-23 22:00:00,48,43,-5
9,2017-08-24 00:00:00,8,8,0
9,2017-08-24 02:00:00,5,3,-2
9,2017-08-24 04:00:00,8,8,0
9,2017-08-24 06:00:00,147,231,84
9,2017-08-24 08:00:00,378,683,305
9,2017-08-24 10:00:00,131,154,23
9,2017-08-24 12:00:00,161,166,5
9,2017-08-24 14:00:00,161,134,-27
9,2017-08-24 16:00:00,494,231,-263
9,2017-08-24 18:00:00,384,304,-80
9,2017-08-24 20:00:00,112,122,10
9,2017-08-24 22:00:00,50,44,-6
9,2017-08-25 00:00:00,22,30,8
9,2017-08-25 02:00:00,9,5,-4
9,2017-08-25 04:00:00,12,7,-5
9,2017-08-25 06:00:00,120,174,54
9,2017-08-25 08:00:00,361,592,231
9,2017-08-25 10:00:00,127,131,4
9,2017-08-25 12:00:00,189,160,-29
9,2017-08-25 14:00:00,201,158,-43
9,2017-08-25 16:00:00,477,238,-239
9,2017-08-25 18:00:00,338,233,-105
9,2017-08-25 20:00:00,102,104,2
9,2017-08-25 22:00:00,66,71,5
9,2017-08-26 00:00:00,35,35,0
9,2017-08-26 02:00:00,18,19,1
9,2017-08-26 04:00:00,14,12,-2
9,2017-08-26 06:00:00,17,14,-3
9,2017-08-26 08:00:00,74,53,-21
9,2017-08-26 10:00:00,143,105,-38
9,2017-08-26 12:00:00,198,126,-72
9,2017-08-26 14:00:00,176,172,-4
9,2017-08-26 16:00:00,149,163,14
9,2017-08-26 18:00:00,114,134,20
9,2017-08-26 20:00:00,61,81,20
9,2017-08-26 22:00:00,63,56,-7
9,2017-08-27 00:00:00,32,35,3
9,2017-08-27 02:00:00,21,26,5
9,2017-08-27 04:00:00,11,15,4
9,2017-08-27 06:00:00,24,17,-7
9,2017-08-27 08:00:00,67,31,-36
9,2017-08-27 10:00:00,114,70,-44
9,2017-08-27 12:00:00,164,124,-40
9,2017-08-27 14:00:00,177,173,-4
9,2017-08-27 16:00:00,129,138,9
9,2017-08-27 18:00:00,103,155,52
9,2017-08-27 20:00:00,90,105,15
9,2017-08-27 22:00:00,33,63,30
9,2017-08-28 00:00:00,34,26,-8
9,2017-08-28 02:00:00,14,15,1
9,2017-08-28 04:00:00,10,10,0
9,2017-08-28 06:00:00,18,24,6
9,2017-08-28 08:00:00,75,50,-25
9,2017-08-28 10:00:00,147,103,-44
9,2017-08-28 12:00:00,201,134,-67
9,2017-08-28 14:00:00,186,149,-37
9,2017-08-28 16:00:00,131,141,10
9,2017-08-28 18:00:00,124,185,61
9,2017-08-28 20:00:00,71,85,14
9,2017-08-28 22:00:00,35,56,21
9,2017-08-29 00:00:00,12,12,0
9,2017-08-29 02:00:00,7,5,-2
9,2017-08-29 04:00:00,13,13,0
9,2017-08-29 06:00:00,160,238,78
9,2017-08-29 08:00:00,368,731,363
9,2017-08-29 10:00:00,108,120,12
9,2017-08-29 12:00:00,140,125,-15
9,2017-08-29 14:00:00,144,113,-31
9,2017-08-29 16:00:00,523,251,-272
9,2017-08-29 18:00:00,416,286,-130
9,2017-08-29 20:00:00,119,95,-24
9,2017-08-29 22:00:00,45,21,-24
9,2017-08-30 00:00:00,7,11,4
9,2017-08-30 02:00:00,2,3,1
9,2017-08-30 04:00:00,13,12,-1
9,2017-08-30 06:00:00,162,240,78
9,2017-08-30 08:00:00,380,691,311
9,2017-08-30 10:00:00,88,115,27
9,2017-08-30 12:00:00,44,29,-15
9,2017-08-30 14:00:00,35,36,1
9,2017-08-30 16:00:00,296,120,-176
9,2017-08-30 18:00:00,351,215,-136
9,2017-08-30 20:00:00,87,72,-15
9,2017-08-30 22:00:00,25,40,15
9,2017-08-31 00:00:00,9,7,-2
9,2017-08-31 02:00:00,1,5,4
9,2017-08-31 04:00:00,14,11,-3
9,2017-08-31 06:00:00,145,280,135
9,2017-08-31 08:00:00,397,766,369
9,2017-08-31 10:00:00,140,172,32
9,2017-08-31 12:00:00,164,151,-13
9,2017-08-31 14:00:00,172,136,-36
9,2017-08-31 16:00:00,532,209,-323
9,2017-08-31 18:00:00,458,311,-147
9,2017-08-31 20:00:00,100,110,10
9,2017-08-31 22:00:00,54,58,4
9,2017-09-01 00:00:00,16,17,1
9,2017-09-01 02:00:00,5,2,-3
9,2017-09-01 04:00:00,13,3,-10
9,2017-09-01 06:00:00,128,226,98
9,2017-09-01 08:00:00,351,672,321
9,2017-09-01 10:00:00,135,128,-7
9,2017-09-01 12:00:00,196,152,-44
9,2017-09-01 14:00:00,140,146,6
9,2017-09-01 16:00:00,554,219,-335
9,2017-09-01 18:00:00,383,235,-148
9,2017-09-01 20:00:00,103,90,-13
9,2017-09-01 22:00:00,74,64,-10
9,2017-09-02 00:00:00,32,30,-2
9,2017-09-02 02:00:00,16,12,-4
9,2017-09-02 04:00:00,9,6,-3
9,2017-09-02 06:00:00,28,7,-21
9,2017-09-02 08:00:00,78,75,-3
9,2017-09-02 10:00:00,181,132,-49
9,2017-09-02 12:00:00,246,178,-68
9,2017-09-02 14:00:00,178,171,-7
9,2017-09-02 16:00:00,200,204,4
9,2017-09-02 18:00:00,142,173,31
9,2017-09-02 20:00:00,83,91,8
9,2017-09-02 22:00:00,67,67,0
9,2017-09-03 00:00:00,29,40,11
9,2017-09-03 02:00:00,11,19,8
9,2017-09-03 04:00:00,8,8,0
9,2017-09-03 06:00:00,22,8,-14
9,2017-09-03 08:00:00,69,40,-29
9,2017-09-03 10:00:00,143,107,-36
9,2017-09-03 12:00:00,181,145,-36
9,2017-09-03 14:00:00,173,163,-10
9,2017-09-03 16:00:00,103,98,-5
9,2017-09-03 18:00:00,74,72,-2
9,2017-09-03 20:00:00,35,37,2
9,2017-09-03 22:00:00,18,16,-2
9,2017-09-04 00:00:00,6,11,5
9,2017-09-04 02:00:00,0,3,3
9,2017-09-04 04:00:00,8,6,-2
9,2017-09-04 06:00:00,107,166,59
9,2017-09-04 08:00:00,248,614,366
9,2017-09-04 10:00:00,62,88,26
9,2017-09-04 12:00:00,112,112,0
9,2017-09-04 14:00:00,137,104,-33
9,2017-09-04 16:00:00,556,221,-335
9,2017-09-04 18:00:00,338,247,-91
9,2017-09-04 20:00:00,77,85,8
9,2017-09-04 22:00:00,33,27,-6
9,2017-09-05 00:00:00,11,3,-8
9,2017-09-05 02:00:00,1,2,1
9,2017-09-05 04:00:00,10,9,-1
9,2017-09-05 06:00:00,168,252,84
9,2017-09-05 08:00:00,363,841,478
9,2017-09-05 10:00:00,110,125,15
9,2017-09-05 12:00:00,169,144,-25
9,2017-09-05 14:00:00,156,125,-31
9,2017-09-05 16:00:00,504,175,-329
9,2017-09-05 18:00:00,447,285,-162
9,2017-09-05 20:00:00,72,71,-1
9,2017-09-05 22:00:00,44,23,-21
9,2017-09-06 00:00:00,15,7,-8
9,2017-09-06 02:00:00,3,0,-3
9,2017-09-06 04:00:00,8,13,5
9,2017-09-06 06:00:00,171,283,112
9,2017-09-06 08:00:00,405,877,472
9,2017-09-06 10:00:00,107,157,50
9,2017-09-06 12:00:00,186,169,-17
9,2017-09-06 14:00:00,157,137,-20
9,2017-09-06 16:00:00,582,226,-356
9,2017-09-06 18:00:00,477,341,-136
9,2017-09-06 20:00:00,134,92,-42
9,2017-09-06 22:00:00,59,44,-15
9,2017-09-07 00:00:00,12,5,-7
9,2017-09-07 02:00:00,0,1,1
9,2017-09-07 04:00:00,15,12,-3
9,2017-09-07 06:00:00,178,278,100
9,2017-09-07 08:00:00,424,851,427
9,2017-09-07 10:00:00,135,172,37
9,2017-09-07 12:00:00,135,158,23
9,2017-09-07 14:00:00,163,140,-23
9,2017-09-07 16:00:00,591,230,-361
9,2017-09-07 18:00:00,470,305,-165
9,2017-09-07 20:00:00,117,115,-2
9,2017-09-07 22:00:00,55,42,-13
9,2017-09-08 00:00:00,19,19,0
9,2017-09-08 02:00:00,12,11,-1
9,2017-09-08 04:00:00,5,4,-1
9,2017-09-08 06:00:00,51,117,66
9,2017-09-08 08:00:00,215,438,223
9,2017-09-08 10:00:00,111,122,11
9,2017-09-08 12:00:00,70,49,-21
9,2017-09-08 14:00:00,152,93,-59
9,2017-09-08 16:00:00,475,202,-273
9,2017-09-08 18:00:00,289,192,-97
9,2017-09-08 20:00:00,84,58,-26
9,2017-09-08 22:00:00,45,48,3
9,2017-09-09 00:00:00,32,25,-7
9,2017-09-09 02:00:00,21,14,-7
9,2017-09-09 04:00:00,3,10,7
9,2017-09-09 06:00:00,23,6,-17
9,2017-09-09 08:00:00,70,55,-15
9,2017-09-09 10:00:00,142,112,-30
9,2017-09-09 12:00:00,185,140,-45
9,2017-09-09 14:00:00,192,170,-22
9,2017-09-09 16:00:00,133,134,1
9,2017-09-09 18:00:00,125,127,2
9,2017-09-09 20:00:00,59,92,33
9,2017-09-09 22:00:00,39,46,7
9,2017-09-10 00:00:00,23,26,3
9,2017-09-10 02:00:00,14,23,9
9,2017-09-10 04:00:00,13,6,-7
9,2017-09-10 06:00:00,10,7,-3
9,2017-09-10 08:00:00,57,25,-32
9,2017-09-10 10:00:00,131,85,-46
9,2017-09-10 12:00:00,150,175,25
9,2017-09-10 14:00:00,123,148,25
9,2017-09-10 16:00:00,96,97,1
9,2017-09-10 18:00:00,54,61,7
9,2017-09-10 20:00:00,20,40,20
9,2017-09-10 22:00:00,21,17,-4
9,2017-09-11 00:00:00,6,8,2
9,2017-09-11 02:00:00,0,3,3
9,2017-09-11 04:00:00,8,10,2
9,2017-09-11 06:00:00,136,241,105
9,2017-09-11 08:00:00,318,670,352
9,2017-09-11 10:00:00,93,111,18
9,2017-09-11 12:00:00,133,92,-41
9,2017-09-11 14:00:00,95,83,-12
9,2017-09-11 16:00:00,440,160,-280
9,2017-09-11 18:00:00,345,282,-63
9,2017-09-11 20:00:00,63,64,1
9,2017-09-11 22:00:00,28,31,3
9,2017-09-12 00:00:00,11,3,-8
9,2017-09-12 02:00:00,2,1,-1
9,2017-09-12 04:00:00,7,12,5
9,2017-09-12 06:00:00,171,289,118
9,2017-09-12 08:00:00,392,831,439
9,2017-09-12 10:00:00,123,144,21
9,2017-09-12 12:00:00,175,161,-14
9,2017-09-12 14:00:00,182,141,-41
9,2017-09-12 16:00:00,577,241,-336
9,2017-09-12 18:00:00,426,325,-101
9,2017-09-12 20:00:00,49,39,-10
9,2017-09-12 22:00:00,6,10,4
9,2017-09-13 00:00:00,7,4,-3
9,2017-09-13 02:00:00,5,1,-4
9,2017-09-13 04:00:00,9,9,0
9,2017-09-13 06:00:00,157,238,81
9,2017-09-13 08:00:00,396,814,418
9,2017-09-13 10:00:00,135,146,11
9,2017-09-13 12:00:00,151,159,8
9,2017-09-13 14:00:00,125,82,-43
9,2017-09-13 16:00:00,557,224,-333
9,2017-09-13 18:00:00,465,328,-137
9,2017-09-13 20:00:00,123,91,-32
9,2017-09-13 22:00:00,43,40,-3
9,2017-09-14 00:00:00,10,15,5
9,2017-09-14 02:00:00,2,6,4
9,2017-09-14 04:00:00,9,11,2
9,2017-09-14 06:00:00,168,232,64
9,2017-09-14 08:00:00,407,808,401
9,2017-09-14 10:00:00,133,142,9
9,2017-09-14 12:00:00,178,155,-23
9,2017-09-14 14:00:00,154,145,-9
9,2017-09-14 16:00:00,582,260,-322
9,2017-09-14 18:00:00,419,270,-149
9,2017-09-14 20:00:00,119,89,-30
9,2017-09-14 22:00:00,64,55,-9
9,2017-09-15 00:00:00,15,15,0
9,2017-09-15 02:00:00,7,5,-2
9,2017-09-15 04:00:00,7,6,-1
9,2017-09-15 06:00:00,145,199,54
9,2017-09-15 08:00:00,378,742,364
9,2017-09-15 10:00:00,135,148,13
9,2017-09-15 12:00:00,197,176,-21
9,2017-09-15 14:00:00,181,155,-26
9,2017-09-15 16:00:00,526,216,-310
9,2017-09-15 18:00:00,290,184,-106
9,2017-09-15 20:00:00,91,66,-25
9,2017-09-15 22:00:00,77,65,-12
9,2017-09-16 00:00:00,40,27,-13
9,2017-09-16 02:00:00,14,18,4
9,2017-09-16 04:00:00,9,9,0
9,2017-09-16 06:00:00,19,9,-10
9,2017-09-16 08:00:00,82,48,-34
9,2017-09-16 10:00:00,169,126,-43
9,2017-09-16 12:00:00,215,152,-63
9,2017-09-16 14:00:00,175,166,-9
9,2017-09-16 16:00:00,168,204,36
9,2017-09-16 18:00:00,165,171,6
9,2017-09-16 20:00:00,66,58,-8
9,2017-09-16 22:00:00,38,60,22
9,2017-09-17 00:00:00,43,44,1
9,2017-09-17 02:00:00,19,19,0
9,2017-09-17 04:00:00,9,3,-6
9,2017-09-17 06:00:00,13,8,-5
9,2017-09-17 08:00:00,56,32,-24
9,2017-09-17 10:00:00,145,119,-26
9,2017-09-17 12:00:00,219,174,-45
9,2017-09-17 14:00:00,192,171,-21
9,2017-09-17 16:00:00,158,178,20
9,2017-09-17 18:00:00,100,142,42
9,2017-09-17 20:00:00,60,50,-10
9,2017-09-17 22:00:00,18,27,9
9,2017-09-18 00:00:00,8,7,-1
9,2017-09-18 02:00:00,3,5,2
9,2017-09-18 04:00:00,5,11,6
9,2017-09-18 06:00:00,165,235,70
9,2017-09-18 08:00:00,361,789,428
9,2017-09-18 10:00:00,100,125,25
9,2017-09-18 12:00:00,139,127,-12
9,2017-09-18 14:00:00,150,109,-41
9,2017-09-18 16:00:00,585,217,-368
9,2017-09-18 18:00:00,451,281,-170
9,2017-09-18 20:00:00,63,76,13
9,2017-09-18 22:00:00,17,18,1
9,2017-09-19 00:00:00,3,9,6
9,2017-09-19 02:00:00,2,1,-1
9,2017-09-19 04:00:00,9,11,2
9,2017-09-19 06:00:00,177,243,66
9,2017-09-19 08:00:00,413,874,461
9,2017-09-19 10:00:00,121,143,22
9,2017-09-19 12:00:00,182,161,-21
9,2017-09-19 14:00:00,157,137,-20
9,2017-09-19 16:00:00,623,221,-402
9,2017-09-19 18:00:00,526,329,-197
9,2017-09-19 20:00:00,115,97,-18
9,2017-09-19 22:00:00,39,46,7
10,2017-08-01 00:00:00,28,19,-9
10,2017-08-01 02:00:00,5,14,9
10,2017-08-01 04:00:00,11,3,-8
10,2017-08-01 06:00:00,426,88,-338
10,2017-08-01 08:00:00,746,307,-439
10,2017-08-01 10:00:00,144,99,-45
10,2017-08-01 12:00:00,130,146,16
10,2017-08-01 14:00:00,124,147,23
10,2017-08-01 16:00:00,290,673,383
10,2017-08-01 18:00:00,294,515,221
10,2017-08-01 20:00:00,99,174,75
10,2017-08-01 22:00:00,45,69,24
10,2017-08-02 00:00:00,36,28,-8
10,2017-08-02 02:00:00,10,4,-6
10,2017-08-02 04:00:00,9,8,-1
10,2017-08-02 06:00:00,396,102,-294
10,2017-08-02 08:00:00,725,286,-439
10,2017-08-02 10:00:00,124,106,-18
10,2017-08-02 12:00:00,78,104,26
10,2017-08-02 14:00:00,19,40,21
10,2017-08-02 16:00:00,130,388,258
10,2017-08-02 18:00:00,178,448,270
10,2017-08-02 20:00:00,82,113,31
10,2017-08-02 22:00:00,49,61,12
10,2017-08-03 00:00:00,10,16,6
10,2017-08-03 02:00:00,4,5,1
10,2017-08-03 04:00:00,9,9,0
10,2017-08-03 06:00:00,368,87,-281
10,2017-08-03 08:00:00,724,267,-457
10,2017-08-03 10:00:00,107,80,-27
10,2017-08-03 12:00:00,126,116,-10
10,2017-08-03 14:00:00,102,123,21
10,2017-08-03 16:00:00,238,579,341
10,2017-08-03 18:00:00,255,500,245
10,2017-08-03 20:00:00,96,145,49
10,2017-08-03 22:00:00,77,80,3
10,2017-08-04 00:00:00,17,24,7
10,2017-08-04 02:00:00,8,14,6
10,2017-08-04 04:00:00,13,4,-9
10,2017-08-04 06:00:00,317,72,-245
10,2017-08-04 08:00:00,618,246,-372
10,2017-08-04 10:00:00,118,89,-29
10,2017-08-04 12:00:00,121,147,26
10,2017-08-04 14:00:00,115,161,46
10,2017-08-04 16:00:00,220,545,325
10,2017-08-04 18:00:00,213,377,164
10,2017-08-04 20:00:00,105,144,39
10,2017-08-04 22:00:00,86,97,11
10,2017-08-05 00:00:00,45,39,-6
10,2017-08-05 02:00:00,16,31,15
10,2017-08-05 04:00:00,12,10,-2
10,2017-08-05 06:00:00,16,20,4
10,2017-08-05 08:00:00,87,48,-39
10,2017-08-05 10:00:00,170,121,-49
10,2017-08-05 12:00:00,131,108,-23
10,2017-08-05 14:00:00,129,156,27
10,2017-08-05 16:00:00,166,149,-17
10,2017-08-05 18:00:00,143,165,22
10,2017-08-05 20:00:00,69,84,15
10,2017-08-05 22:00:00,65,84,19
10,2017-08-06 00:00:00,42,61,19
10,2017-08-06 02:00:00,21,43,22
10,2017-08-06 04:00:00,16,2,-14
10,2017-08-06 06:00:00,15,11,-4
10,2017-08-06 08:00:00,58,41,-17
10,2017-08-06 10:00:00,123,114,-9
10,2017-08-06 12:00:00,174,189,15
10,2017-08-06 14:00:00,189,198,9
10,2017-08-06 16:00:00,220,230,10
10,2017-08-06 18:00:00,134,190,56
10,2017-08-06 20:00:00,106,94,-12
10,2017-08-06 22:00:00,58,57,-1
10,2017-08-07 00:00:00,7,17,10
10,2017-08-07 02:00:00,5,3,-2
10,2017-08-07 04:00:00,4,2,-2
10,2017-08-07 06:00:00,310,74,-236
10,2017-08-07 08:00:00,584,271,-313
10,2017-08-07 10:00:00,107,77,-30
10,2017-08-07 12:00:00,99,119,20
10,2017-08-07 14:00:00,106,151,45
10,2017-08-07 16:00:00,257,546,289
10,2017-08-07 18:00:00,217,391,174
10,2017-08-07 20:00:00,84,70,-14
10,2017-08-07 22:00:00,45,38,-7
10,2017-08-08 00:00:00,20,13,-7
10,2017-08-08 02:00:00,3,5,2
10,2017-08-08 04:00:00,3,10,7
10,2017-08-08 06:00:00,322,98,-224
10,2017-08-08 08:00:00,640,297,-343
10,2017-08-08 10:00:00,123,72,-51
10,2017-08-08 12:00:00,117,105,-12
10,2017-08-08 14:00:00,112,130,18
10,2017-08-08 16:00:00,238,522,284
10,2017-08-08 18:00:00,229,430,201
10,2017-08-08 20:00:00,95,116,21
10,2017-08-08 22:00:00,59,46,-13
10,2017-08-09 00:00:00,18,10,-8
10,2017-08-09 02:00:00,3,2,-1
10,2017-08-09 04:00:00,5,8,3
10,2017-08-09 06:00:00,277,77,-200
10,2017-08-09 08:00:00,311,161,-150
10,2017-08-09 10:00:00,20,20,0
10,2017-08-09 12:00:00,18,20,2
10,2017-08-09 14:00:00,19,26,7
10,2017-08-09 16:00:00,50,175,125
10,2017-08-09 18:00:00,44,110,66
10,2017-08-09 20:00:00,23,27,4
10,2017-08-09 22:00:00,15,25,10
10,2017-08-10 00:00:00,16,11,-5
10,2017-08-10 02:00:00,4,11,7
10,2017-08-10 04:00:00,9,6,-3
10,2017-08-10 06:00:00,318,78,-240
10,2017-08-10 08:00:00,571,296,-275
10,2017-08-10 10:00:00,117,91,-26
10,2017-08-10 12:00:00,101,111,10
10,2017-08-10 14:00:00,113,153,40
10,2017-08-10 16:00:00,244,476,232
10,2017-08-10 18:00:00,273,443,170
10,2017-08-10 20:00:00,92,148,56
10,2017-08-10 22:00:00,61,79,18
10,2017-08-11 00:00:00,16,19,3
10,2017-08-11 02:00:00,9,10,1
10,2017-08-11 04:00:00,14,15,1
10,2017-08-11 06:00:00,265,64,-201
10,2017-08-11 08:00:00,548,254,-294
10,2017-08-11 10:00:00,110,108,-2
10,2017-08-11 12:00:00,158,163,5
10,2017-08-11 14:00:00,122,171,49
10,2017-08-11 16:00:00,238,452,214
10,2017-08-11 18:00:00,202,339,137
10,2017-08-11 20:00:00,60,99,39
10,2017-08-11 22:00:00,62,68,6
10,2017-08-12 00:00:00,27,27,0
10,2017-08-12 02:00:00,14,18,4
10,2017-08-12 04:00:00,5,6,1
10,2017-08-12 06:00:00,16,16,0
10,2017-08-12 08:00:00,45,39,-6
10,2017-08-12 10:00:00,121,88,-33
10,2017-08-12 12:00:00,139,152,13
10,2017-08-12 14:00:00,157,152,-5
10,2017-08-12 16:00:00,168,201,33
10,2017-08-12 18:00:00,159,164,5
10,2017-08-12 20:00:00,105,114,9
10,2017-08-12 22:00:00,71,79,8
10,2017-08-13 00:00:00,47,53,6
10,2017-08-13 02:00:00,21,44,23
10,2017-08-13 04:00:00,18,8,-10
10,2017-08-13 06:00:00,20,7,-13
10,2017-08-13 08:00:00,57,44,-13
10,2017-08-13 10:00:00,132,107,-25
10,2017-08-13 12:00:00,212,173,-39
10,2017-08-13 14:00:00,240,198,-42
10,2017-08-13 16:00:00,191,200,9
10,2017-08-13 18:00:00,165,202,37
10,2017-08-13 20:00:00,89,100,11
10,2017-08-13 22:00:00,35,34,-1
10,2017-08-14 00:00:00,28,18,-10
10,2017-08-14 02:00:00,3,8,5
10,2017-08-14 04:00:00,6,5,-1
10,2017-08-14 06:00:00,286,70,-216
10,2017-08-14 08:00:00,659,307,-352
10,2017-08-14 10:00:00,115,88,-27
10,2017-08-14 12:00:00,137,125,-12
10,2017-08-14 14:00:00,115,155,40
10,2017-08-14 16:00:00,259,568,309
10,2017-08-14 18:00:00,280,436,156
10,2017-08-14 20:00:00,108,147,39
10,2017-08-14 22:00:00,75,49,-26
10,2017-08-15 00:00:00,23,18,-5
10,2017-08-15 02:00:00,13,1,-12
10,2017-08-15 04:00:00,8,4,-4
10,2017-08-15 06:00:00,200,94,-106
10,2017-08-15 08:00:00,473,322,-151
10,2017-08-15 10:00:00,124,104,-20
10,2017-08-15 12:00:00,130,139,9
10,2017-08-15 14:00:00,132,166,34
10,2017-08-15 16:00:00,288,397,109
10,2017-08-15 18:00:00,307,389,82
10,2017-08-15 20:00:00,97,129,32
10,2017-08-15 22:00:00,64,67,3
10,2017-08-16 00:00:00,14,14,0
10,2017-08-16 02:00:00,5,11,6
10,2017-08-16 04:00:00,6,8,2
10,2017-08-16 06:00:00,225,90,-135
10,2017-08-16 08:00:00,589,335,-254
10,2017-08-16 10:00:00,99,96,-3
10,2017-08-16 12:00:00,128,132,4
10,2017-08-16 14:00:00,134,125,-9
10,2017-08-16 16:00:00,243,464,221
10,2017-08-16 18:00:00,301,424,123
10,2017-08-16 20:00:00,103,143,40
10,2017-08-16 22:00:00,65,64,-1
10,2017-08-17 00:00:00,23,13,-10
10,2017-08-17 02:00:00,1,8,7
10,2017-08-17 04:00:00,4,3,-1
10,2017-08-17 06:00:00,215,56,-159
10,2017-08-17 08:00:00,564,250,-314
10,2017-08-17 10:00:00,107,77,-30
10,2017-08-17 12:00:00,119,129,10
10,2017-08-17 14:00:00,113,136,23
10,2017-08-17 16:00:00,243,476,233
10,2017-08-17 18:00:00,245,391,146
10,2017-08-17 20:00:00,101,142,41
10,2017-08-17 22:00:00,55,71,16
10,2017-08-18 00:00:00,24,15,-9
10,2017-08-18 02:00:00,8,7,-1
10,2017-08-18 04:00:00,5,4,-1
10,2017-08-18 06:00:00,232,70,-162
10,2017-08-18 08:00:00,545,268,-277
10,2017-08-18 10:00:00,108,77,-31
10,2017-08-18 12:00:00,114,126,12
10,2017-08-18 14:00:00,82,112,30
10,2017-08-18 16:00:00,158,354,196
10,2017-08-18 18:00:00,184,312,128
10,2017-08-18 20:00:00,78,99,21
10,2017-08-18 22:00:00,47,70,23
10,2017-08-19 00:00:00,38,29,-9
10,2017-08-19 02:00:00,19,18,-1
10,2017-08-19 04:00:00,13,10,-3
10,2017-08-19 06:00:00,20,20,0
10,2017-08-19 08:00:00,52,50,-2
10,2017-08-19 10:00:00,137,106,-31
10,2017-08-19 12:00:00,136,149,13
10,2017-08-19 14:00:00,162,186,24
10,2017-08-19 16:00:00,137,159,22
10,2017-08-19 18:00:00,138,164,26
10,2017-08-19 20:00:00,106,102,-4
10,2017-08-19 22:00:00,80,71,-9
10,2017-08-20 00:00:00,32,51,19
10,2017-08-20 02:00:00,21,31,10
10,2017-08-20 04:00:00,17,6,-11
10,2017-08-20 06:00:00,14,8,-6
10,2017-08-20 08:00:00,42,30,-12
10,2017-08-20 10:00:00,119,88,-31
10,2017-08-20 12:00:00,136,150,14
10,2017-08-20 14:00:00,158,149,-9
10,2017-08-20 16:00:00,168,150,-18
10,2017-08-20 18:00:00,68,95,27
10,2017-08-20 20:00:00,45,40,-5
10,2017-08-20 22:00:00,13,15,2
10,2017-08-21 00:00:00,5,3,-2
10,2017-08-21 02:00:00,4,2,-2
10,2017-08-21 04:00:00,2,3,1
10,2017-08-21 06:00:00,199,52,-147
10,2017-08-21 08:00:00,541,220,-321
10,2017-08-21 10:00:00,84,72,-12
10,2017-08-21 12:00:00,79,95,16
10,2017-08-21 14:00:00,84,100,16
10,2017-08-21 16:00:00,203,472,269
10,2017-08-21 18:00:00,233,414,181
10,2017-08-21 20:00:00,82,81,-1
10,2017-08-21 22:00:00,47,29,-18
10,2017-08-22 00:00:00,8,13,5
10,2017-08-22 02:00:00,1,4,3
10,2017-08-22 04:00:00,8,5,-3
10,2017-08-22 06:00:00,290,86,-204
10,2017-08-22 08:00:00,657,281,-376
10,2017-08-22 10:00:00,120,77,-43
10,2017-08-22 12:00:00,126,117,-9
10,2017-08-22 14:00:00,127,133,6
10,2017-08-22 16:00:00,221,513,292
10,2017-08-22 18:00:00,239,465,226
10,2017-08-22 20:00:00,59,109,50
10,2017-08-22 22:00:00,46,47,1
10,2017-08-23 00:00:00,17,11,-6
10,2017-08-23 02:00:00,16,11,-5
10,2017-08-23 04:00:00,7,4,-3
10,2017-08-23 06:00:00,313,88,-225
10,2017-08-23 08:00:00,697,279,-418
10,2017-08-23 10:00:00,109,77,-32
10,2017-08-23 12:00:00,119,104,-15
10,2017-08-23 14:00:00,117,149,32
10,2017-08-23 16:00:00,271,536,265
10,2017-08-23 18:00:00,242,410,168
10,2017-08-23 20:00:00,94,124,30
10,2017-08-23 22:00:00,54,67,13
10,2017-08-24 00:00:00,13,12,-1
10,2017-08-24 02:00:00,3,3,0
10,2017-08-24 04:00:00,9,9,0
10,2017-08-24 06:00:00,226,88,-138
10,2017-08-24 08:00:00,535,306,-229
10,2017-08-24 10:00:00,126,116,-10
10,2017-08-24 12:00:00,155,130,-25
10,2017-08-24 14:00:00,130,144,14
10,2017-08-24 16:00:00,235,403,168
10,2017-08-24 18:00:00,222,425,203
10,2017-08-24 20:00:00,100,138,38
10,2017-08-24 22:00:00,58,60,2
10,2017-08-25 00:00:00,19,24,5
10,2017-08-25 02:00:00,7,4,-3
10,2017-08-25 04:00:00,9,6,-3
10,2017-08-25 06:00:00,160,67,-93
10,2017-08-25 08:00:00,408,249,-159
10,2017-08-25 10:00:00,128,96,-32
10,2017-08-25 12:00:00,137,131,-6
10,2017-08-25 14:00:00,145,177,32
10,2017-08-25 16:00:00,250,379,129
10,2017-08-25 18:00:00,188,312,124
10,2017-08-25 20:00:00,81,131,50
10,2017-08-25 22:00:00,78,73,-5
10,2017-08-26 00:00:00,43,54,11
10,2017-08-26 02:00:00,16,28,12
10,2017-08-26 04:00:00,18,19,1
10,2017-08-26 06:00:00,31,10,-21
10,2017-08-26 08:00:00,51,35,-16
10,2017-08-26 10:00:00,130,103,-27
10,2017-08-26 12:00:00,148,171,23
10,2017-08-26 14:00:00,194,145,-49
10,2017-08-26 16:00:00,150,207,57
10,2017-08-26 18:00:00,128,177,49
10,2017-08-26 20:00:00,80,110,30
10,2017-08-26 22:00:00,73,88,15
10,2017-08-27 00:00:00,77,85,8
10,2017-08-27 02:00:00,46,33,-13
10,2017-08-27 04:00:00,20,20,0
10,2017-08-27 06:00:00,31,20,-11
10,2017-08-27 08:00:00,49,36,-13
10,2017-08-27 10:00:00,136,101,-35
10,2017-08-27 12:00:00,168,122,-46
10,2017-08-27 14:00:00,176,170,-6
10,2017-08-27 16:00:00,151,173,22
10,2017-08-27 18:00:00,159,167,8
10,2017-08-27 20:00:00,98,146,48
10,2017-08-27 22:00:00,69,96,27
10,2017-08-28 00:00:00,52,45,-7
10,2017-08-28 02:00:00,23,30,7
10,2017-08-28 04:00:00,27,15,-12
10,2017-08-28 06:00:00,19,19,0
10,2017-08-28 08:00:00,63,39,-24
10,2017-08-28 10:00:00,112,88,-24
10,2017-08-28 12:00:00,181,171,-10
10,2017-08-28 14:00:00,174,165,-9
10,2017-08-28 16:00:00,167,208,41
10,2017-08-28 18:00:00,154,191,37
10,2017-08-28 20:00:00,74,111,37
10,2017-08-28 22:00:00,53,69,16
10,2017-08-29 00:00:00,24,30,6
10,2017-08-29 02:00:00,15,11,-4
10,2017-08-29 04:00:00,13,7,-6
10,2017-08-29 06:00:00,300,100,-200
10,2017-08-29 08:00:00,642,295,-347
10,2017-08-29 10:00:00,131,97,-34
10,2017-08-29 12:00:00,107,128,21
10,2017-08-29 14:00:00,118,114,-4
10,2017-08-29 16:00:00,268,594,326
10,2017-08-29 18:00:00,251,445,194
10,2017-08-29 20:00:00,101,105,4
10,2017-08-29 22:00:00,52,38,-14
10,2017-08-30 00:00:00,10,8,-2
10,2017-08-30 02:00:00,5,4,-1
10,2017-08-30 04:00:00,10,6,-4
10,2017-08-30 06:00:00,335,84,-251
10,2017-08-30 08:00:00,654,283,-371
10,2017-08-30 10:00:00,93,71,-22
10,2017-08-30 12:00:00,30,34,4
10,2017-08-30 14:00:00,17,15,-2
10,2017-08-30 16:00:00,101,365,264
10,2017-08-30 18:00:00,162,335,173
10,2017-08-30 20:00:00,57,101,44
10,2017-08-30 22:00:00,36,49,13
10,2017-08-31 00:00:00,19,18,-1
10,2017-08-31 02:00:00,11,6,-5
10,2017-08-31 04:00:00,8,5,-3
10,2017-08-31 06:00:00,376,87,-289
10,2017-08-31 08:00:00,735,336,-399
10,2017-08-31 10:00:00,119,87,-32
10,2017-08-31 12:00:00,116,126,10
10,2017-08-31 14:00:00,132,136,4
10,2017-08-31 16:00:00,249,557,308
10,2017-08-31 18:00:00,245,521,276
10,2017-08-31 20:00:00,99,133,34
10,2017-08-31 22:00:00,69,79,10
10,2017-09-01 00:00:00,23,28,5
10,2017-09-01 02:00:00,12,13,1
10,2017-09-01 04:00:00,11,7,-4
10,2017-09-01 06:00:00,332,85,-247
10,2017-09-01 08:00:00,604,288,-316
10,2017-09-01 10:00:00,120,82,-38
10,2017-09-01 12:00:00,126,143,17
10,2017-09-01 14:00:00,132,170,38
10,2017-09-01 16:00:00,251,552,301
10,2017-09-01 18:00:00,191,402,211
10,2017-09-01 20:00:00,96,127,31
10,2017-09-01 22:00:00,104,101,-3
10,2017-09-02 00:00:00,53,51,-2
10,2017-09-02 02:00:00,17,17,0
10,2017-09-02 04:00:00,7,12,5
10,2017-09-02 06:00:00,27,16,-11
10,2017-09-02 08:00:00,85,67,-18
10,2017-09-02 10:00:00,141,117,-24
10,2017-09-02 12:00:00,197,204,7
10,2017-09-02 14:00:00,200,211,11
10,2017-09-02 16:00:00,201,246,45
10,2017-09-02 18:00:00,158,215,57
10,2017-09-02 20:00:00,90,89,-1
10,2017-09-02 22:00:00,62,58,-4
10,2017-09-03 00:00:00,38,69,31
10,2017-09-03 02:00:00,18,26,8
10,2017-09-03 04:00:00,7,7,0
10,2017-09-03 06:00:00,17,11,-6
10,2017-09-03 08:00:00,61,37,-24
10,2017-09-03 10:00:00,130,95,-35
10,2017-09-03 12:00:00,145,107,-38
10,2017-09-03 14:00:00,111,138,27
10,2017-09-03 16:00:00,92,122,30
10,2017-09-03 18:00:00,73,88,15
10,2017-09-03 20:00:00,29,40,11
10,2017-09-03 22:00:00,41,24,-17
10,2017-09-04 00:00:00,3,8,5
10,2017-09-04 02:00:00,0,4,4
10,2017-09-04 04:00:00,3,2,-1
10,2017-09-04 06:00:00,317,49,-268
10,2017-09-04 08:00:00,602,209,-393
10,2017-09-04 10:00:00,106,63,-43
10,2017-09-04 12:00:00,105,80,-25
10,2017-09-04 14:00:00,76,101,25
10,2017-09-04 16:00:00,208,633,425
10,2017-09-04 18:00:00,226,466,240
10,2017-09-04 20:00:00,76,96,20
10,2017-09-04 22:00:00,52,44,-8
10,2017-09-05 00:00:00,11,11,0
10,2017-09-05 02:00:00,7,10,3
10,2017-09-05 04:00:00,4,6,2
10,2017-09-05 06:00:00,383,80,-303
10,2017-09-05 08:00:00,760,292,-468
10,2017-09-05 10:00:00,113,65,-48
10,2017-09-05 12:00:00,114,109,-5
10,2017-09-05 14:00:00,108,116,8
10,2017-09-05 16:00:00,188,560,372
10,2017-09-05 18:00:00,229,507,278
10,2017-09-05 20:00:00,85,117,32
10,2017-09-05 22:00:00,46,45,-1
10,2017-09-06 00:00:00,6,12,6
10,2017-09-06 02:00:00,7,4,-3
10,2017-09-06 04:00:00,6,4,-2
10,2017-09-06 06:00:00,421,111,-310
10,2017-09-06 08:00:00,762,316,-446
10,2017-09-06 10:00:00,134,67,-67
10,2017-09-06 12:00:00,139,142,3
10,2017-09-06 14:00:00,129,147,18
10,2017-09-06 16:00:00,209,625,416
10,2017-09-06 18:00:00,248,562,314
10,2017-09-06 20:00:00,109,128,19
10,2017-09-06 22:00:00,51,74,23
10,2017-09-07 00:00:00,25,21,-4
10,2017-09-07 02:00:00,8,8,0
10,2017-09-07 04:00:00,12,10,-2
10,2017-09-07 06:00:00,443,84,-359
10,2017-09-07 08:00:00,802,319,-483
10,2017-09-07 10:00:00,130,109,-21
10,2017-09-07 12:00:00,116,120,4
10,2017-09-07 14:00:00,120,149,29
10,2017-09-07 16:00:00,243,605,362
10,2017-09-07 18:00:00,215,520,305
10,2017-09-07 20:00:00,83,133,50
10,2017-09-07 22:00:00,60,76,16
10,2017-09-08 00:00:00,26,15,-11
10,2017-09-08 02:00:00,5,13,8
10,2017-09-08 04:00:00,7,7,0
10,2017-09-08 06:00:00,215,36,-179
10,2017-09-08 08:00:00,453,153,-300
10,2017-09-08 10:00:00,99,89,-10
10,2017-09-08 12:00:00,32,44,12
10,2017-09-08 14:00:00,77,87,10
10,2017-09-08 16:00:00,213,505,292
10,2017-09-08 18:00:00,147,364,217
10,2017-09-08 20:00:00,67,90,23
10,2017-09-08 22:00:00,41,50,9
10,2017-09-09 00:00:00,24,27,3
10,2017-09-09 02:00:00,20,24,4
10,2017-09-09 04:00:00,13,15,2
10,2017-09-09 06:00:00,22,14,-8
10,2017-09-09 08:00:00,67,48,-19
10,2017-09-09 10:00:00,133,110,-23
10,2017-09-09 12:00:00,164,170,6
10,2017-09-09 14:00:00,159,169,10
10,2017-09-09 16:00:00,116,122,6
10,2017-09-09 18:00:00,109,121,12
10,2017-09-09 20:00:00,62,77,15
10,2017-09-09 22:00:00,52,50,-2
10,2017-09-10 00:00:00,40,55,15
10,2017-09-10 02:00:00,19,24,5
10,2017-09-10 04:00:00,9,8,-1
10,2017-09-10 06:00:00,16,11,-5
10,2017-09-10 08:00:00,70,38,-32
10,2017-09-10 10:00:00,128,91,-37
10,2017-09-10 12:00:00,170,142,-28
10,2017-09-10 14:00:00,118,118,0
10,2017-09-10 16:00:00,82,124,42
10,2017-09-10 18:00:00,65,68,3
10,2017-09-10 20:00:00,44,52,8
10,2017-09-10 22:00:00,24,43,19
10,2017-09-11 00:00:00,14,15,1
10,2017-09-11 02:00:00,1,6,5
10,2017-09-11 04:00:00,8,4,-4
10,2017-09-11 06:00:00,343,65,-278
10,2017-09-11 08:00:00,669,224,-445
10,2017-09-11 10:00:00,101,64,-37
10,2017-09-11 12:00:00,84,89,5
10,2017-09-11 14:00:00,87,107,20
10,2017-09-11 16:00:00,152,432,280
10,2017-09-11 18:00:00,172,472,300
10,2017-09-11 20:00:00,56,68,12
10,2017-09-11 22:00:00,34,31,-3
10,2017-09-12 00:00:00,13,10,-3
10,2017-09-12 02:00:00,0,9,9
10,2017-09-12 04:00:00,5,3,-2
10,2017-09-12 06:00:00,423,74,-349
10,2017-09-12 08:00:00,783,312,-471
10,2017-09-12 10:00:00,94,85,-9
10,2017-09-12 12:00:00,137,111,-26
10,2017-09-12 14:00:00,115,134,19
10,2017-09-12 16:00:00,227,604,377
10,2017-09-12 18:00:00,232,491,259
10,2017-09-12 20:00:00,29,71,42
10,2017-09-12 22:00:00,4,14,10
10,2017-09-13 00:00:00,2,5,3
10,2017-09-13 02:00:00,0,4,4
10,2017-09-13 04:00:00,4,5,1
10,2017-09-13 06:00:00,415,88,-327
10,2017-09-13 08:00:00,780,293,-487
10,2017-09-13 10:00:00,119,108,-11
10,2017-09-13 12:00:00,106,111,5
10,2017-09-13 14:00:00,86,104,18
10,2017-09-13 16:00:00,221,647,426
10,2017-09-13 18:00:00,214,515,301
10,2017-09-13 20:00:00,75,126,51
10,2017-09-13 22:00:00,34,57,23
10,2017-09-14 00:00:00,17,10,-7
10,2017-09-14 02:00:00,1,3,2
10,2017-09-14 04:00:00,4,5,1
10,2017-09-14 06:00:00,377,80,-297
10,2017-09-14 08:00:00,783,274,-509
10,2017-09-14 10:00:00,129,93,-36
10,2017-09-14 12:00:00,127,132,5
10,2017-09-14 14:00:00,104,132,28
10,2017-09-14 16:00:00,223,606,383
10,2017-09-14 18:00:00,205,503,298
10,2017-09-14 20:00:00,74,135,61
10,2017-09-14 22:00:00,96,84,-12
10,2017-09-15 00:00:00,11,22,11
10,2017-09-15 02:00:00,4,10,6
10,2017-09-15 04:00:00,11,8,-3
10,2017-09-15 06:00:00,329,68,-261
10,2017-09-15 08:00:00,741,262,-479
10,2017-09-15 10:00:00,142,118,-24
10,2017-09-15 12:00:00,135,137,2
10,2017-09-15 14:00:00,138,204,66
10,2017-09-15 16:00:00,194,577,383
10,2017-09-15 18:00:00,168,331,163
10,2017-09-15 20:00:00,57,75,18
10,2017-09-15 22:00:00,48,63,15
10,2017-09-16 00:00:00,29,37,8
10,2017-09-16 02:00:00,15,20,5
10,2017-09-16 04:00:00,7,9,2
10,2017-09-16 06:00:00,21,16,-5
10,2017-09-16 08:00:00,64,44,-20
10,2017-09-16 10:00:00,122,75,-47
10,2017-09-16 12:00:00,114,165,51
10,2017-09-16 14:00:00,160,148,-12
10,2017-09-16 16:00:00,143,181,38
10,2017-09-16 18:00:00,103,171,68
10,2017-09-16 20:00:00,64,61,-3
10,2017-09-16 22:00:00,37,58,21
10,2017-09-17 00:00:00,30,43,13
10,2017-09-17 02:00:00,12,18,6
10,2017-09-17 04:00:00,5,9,4
10,2017-09-17 06:00:00,13,13,0
10,2017-09-17 08:00:00,60,35,-25
10,2017-09-17 10:00:00,136,83,-53
10,2017-09-17 12:00:00,161,138,-23
10,2017-09-17 14:00:00,171,175,4
10,2017-09-17 16:00:00,165,183,18
10,2017-09-17 18:00:00,112,134,22
10,2017-09-17 20:00:00,41,86,45
10,2017-09-17 22:00:00,31,18,-13
10,2017-09-18 00:00:00,13,5,-8
10,2017-09-18 02:00:00,3,11,8
10,2017-09-18 04:00:00,8,7,-1
10,2017-09-18 06:00:00,397,80,-317
10,2017-09-18 08:00:00,772,260,-512
10,2017-09-18 10:00:00,94,74,-20
10,2017-09-18 12:00:00,104,104,0
10,2017-09-18 14:00:00,100,103,3
10,2017-09-18 16:00:00,229,650,421
10,2017-09-18 18:00:00,224,569,345
10,2017-09-18 20:00:00,67,100,33
10,2017-09-18 22:00:00,16,23,7
10,2017-09-19 00:00:00,2,3,1
10,2017-09-19 02:00:00,10,6,-4
10,2017-09-19 04:00:00,13,2,-11
10,2017-09-19 06:00:00,410,104,-306
10,2017-09-19 08:00:00,816,303,-513
10,2017-09-19 10:00:00,107,90,-17
10,2017-09-19 12:00:00,122,116,-6
10,2017-09-19 14:00:00,115,147,32
10,2017-09-19 16:00:00,261,641,380
10,2017-09-19 18:00:00,236,601,365
10,2017-09-19 20:00:00,103,124,21
10,2017-09-19 22:00:00,47,55,8
11,2017-08-01 00:00:00,22,4,-18
11,2017-08-01 02:00:00,6,4,-2
11,2017-08-01 04:00:00,8,5,-3
11,2017-08-01 06:00:00,96,106,10
11,2017-08-01 08:00:00,242,278,36
11,2017-08-01 10:00:00,125,162,37
11,2017-08-01 12:00:00,165,134,-31
11,2017-08-01 14:00:00,162,142,-20
11,2017-08-01 16:00:00,257,204,-53
11,2017-08-01 18:00:00,321,394,73
11,2017-08-01 20:00:00,135,128,-7
11,2017-08-01 22:00:00,68,38,-30
11,2017-08-02 00:00:00,15,7,-8
11,2017-08-02 02:00:00,5,5,0
11,2017-08-02 04:00:00,8,8,0
11,2017-08-02 06:00:00,99,106,7
11,2017-08-02 08:00:00,200,275,75
11,2017-08-02 10:00:00,111,103,-8
11,2017-08-02 12:00:00,64,81,17
11,2017-08-02 14:00:00,27,16,-11
11,2017-08-02 16:00:00,104,61,-43
11,2017-08-02 18:00:00,176,174,-2
11,2017-08-02 20:00:00,79,73,-6
11,2017-08-02 22:00:00,42,28,-14
11,2017-08-03 00:00:00,19,12,-7
11,2017-08-03 02:00:00,7,10,3
11,2017-08-03 04:00:00,7,13,6
11,2017-08-03 06:00:00,90,79,-11
11,2017-08-03 08:00:00,205,251,46
11,2017-08-03 10:00:00,86,109,23
11,2017-08-03 12:00:00,130,114,-16
11,2017-08-03 14:00:00,149,124,-25
11,2017-08-03 16:00:00,188,166,-22
11,2017-08-03 18:00:00,219,249,30
11,2017-08-03 20:00:00,103,101,-2
11,2017-08-03 22:00:00,56,39,-17
11,2017-08-04 00:00:00,24,10,-14
11,2017-08-04 02:00:00,10,3,-7
11,2017-08-04 04:00:00,8,7,-1
11,2017-08-04 06:00:00,73,71,-2
11,2017-08-04 08:00:00,197,236,39
11,2017-08-04 10:00:00,110,137,27
11,2017-08-04 12:00:00,134,133,-1
11,2017-08-04 14:00:00,118,116,-2
11,2017-08-04 16:00:00,196,181,-15
11,2017-08-04 18:00:00,219,200,-19
11,2017-08-04 20:00:00,90,100,10
11,2017-08-04 22:00:00,82,67,-15
11,2017-08-05 00:00:00,39,28,-11
11,2017-08-05 02:00:00,24,6,-18
11,2017-08-05 04:00:00,6,4,-2
11,2017-08-05 06:00:00,11,16,5
11,2017-08-05 08:00:00,72,68,-4
11,2017-08-05 10:00:00,153,145,-8
11,2017-08-05 12:00:00,146,148,2
11,2017-08-05 14:00:00,149,182,33
11,2017-08-05 16:00:00,206,177,-29
11,2017-08-05 18:00:00,142,175,33
11,2017-08-05 20:00:00,77,94,17
11,2017-08-05 22:00:00,50,57,7
11,2017-08-06 00:00:00,38,11,-27
11,2017-08-06 02:00:00,21,11,-10
11,2017-08-06 04:00:00,4,3,-1
11,2017-08-06 06:00:00,14,16,2
11,2017-08-06 08:00:00,65,51,-14
11,2017-08-06 10:00:00,127,142,15
11,2017-08-06 12:00:00,188,214,26
11,2017-08-06 14:00:00,219,225,6
11,2017-08-06 16:00:00,233,254,21
11,2017-08-06 18:00:00,158,205,47
11,2017-08-06 20:00:00,87,79,-8
11,2017-08-06 22:00:00,45,32,-13
11,2017-08-07 00:00:00,24,17,-7
11,2017-08-07 02:00:00,5,9,4
11,2017-08-07 04:00:00,9,6,-3
11,2017-08-07 06:00:00,89,78,-11
11,2017-08-07 08:00:00,184,223,39
11,2017-08-07 10:00:00,81,104,23
11,2017-08-07 12:00:00,117,126,9
11,2017-08-07 14:00:00,156,115,-41
11,2017-08-07 16:00:00,214,181,-33
11,2017-08-07 18:00:00,184,213,29
11,2017-08-07 20:00:00,48,46,-2
11,2017-08-07 22:00:00,24,17,-7
11,2017-08-08 00:00:00,9,8,-1
11,2017-08-08 02:00:00,3,1,-2
11,2017-08-08 04:00:00,12,7,-5
11,2017-08-08 06:00:00,73,81,8
11,2017-08-08 08:00:00,181,248,67
11,2017-08-08 10:00:00,94,135,41
11,2017-08-08 12:00:00,117,112,-5
11,2017-08-08 14:00:00,120,102,-18
11,2017-08-08 16:00:00,210,159,-51
11,2017-08-08 18:00:00,226,241,15
11,2017-08-08 20:00:00,89,92,3
11,2017-08-08 22:00:00,45,47,2
11,2017-08-09 00:00:00,15,15,0
11,2017-08-09 02:00:00,3,2,-1
11,2017-08-09 04:00:00,6,6,0
11,2017-08-09 06:00:00,61,71,10
11,2017-08-09 08:00:00,69,133,64
11,2017-08-09 10:00:00,14,22,8
11,2017-08-09 12:00:00,21,24,3
11,2017-08-09 14:00:00,19,12,-7
11,2017-08-09 16:00:00,46,24,-22
11,2017-08-09 18:00:00,36,27,-9
11,2017-08-09 20:00:00,18,8,-10
11,2017-08-09 22:00:00,19,10,-9
11,2017-08-10 00:00:00,11,11,0
11,2017-08-10 02:00:00,4,5,1
11,2017-08-10 04:00:00,4,7,3
11,2017-08-10 06:00:00,64,79,15
11,2017-08-10 08:00:00,180,261,81
11,2017-08-10 10:00:00,92,114,22
11,2017-08-10 12:00:00,146,125,-21
11,2017-08-10 14:00:00,156,117,-39
11,2017-08-10 16:00:00,214,210,-4
11,2017-08-10 18:00:00,277,303,26
11,2017-08-10 20:00:00,122,95,-27
11,2017-08-10 22:00:00,51,51,0
11,2017-08-11 00:00:00,23,11,-12
11,2017-08-11 02:00:00,13,1,-12
11,2017-08-11 04:00:00,9,12,3
11,2017-08-11 06:00:00,75,77,2
11,2017-08-11 08:00:00,179,232,53
11,2017-08-11 10:00:00,132,126,-6
11,2017-08-11 12:00:00,141,136,-5
11,2017-08-11 14:00:00,156,161,5
11,2017-08-11 16:00:00,240,229,-11
11,2017-08-11 18:00:00,188,182,-6
11,2017-08-11 20:00:00,61,80,19
11,2017-08-11 22:00:00,61,49,-12
11,2017-08-12 00:00:00,32,23,-9
11,2017-08-12 02:00:00,21,9,-12
11,2017-08-12 04:00:00,4,8,4
11,2017-08-12 06:00:00,16,16,0
11,2017-08-12 08:00:00,77,61,-16
11,2017-08-12 10:00:00,135,138,3
11,2017-08-12 12:00:00,188,195,7
11,2017-08-12 14:00:00,266,262,-4
11,2017-08-12 16:00:00,251,235,-16
11,2017-08-12 18:00:00,176,191,15
11,2017-08-12 20:00:00,92,114,22
11,2017-08-12 22:00:00,50,47,-3
11,2017-08-13 00:00:00,29,12,-17
11,2017-08-13 02:00:00,12,14,2
11,2017-08-13 04:00:00,8,4,-4
11,2017-08-13 06:00:00,13,15,2
11,2017-08-13 08:00:00,55,71,16
11,2017-08-13 10:00:00,197,173,-24
11,2017-08-13 12:00:00,243,296,53
11,2017-08-13 14:00:00,302,280,-22
11,2017-08-13 16:00:00,239,277,38
11,2017-08-13 18:00:00,216,253,37
11,2017-08-13 20:00:00,119,135,16
11,2017-08-13 22:00:00,57,30,-27
11,2017-08-14 00:00:00,19,20,1
11,2017-08-14 02:00:00,6,3,-3
11,2017-08-14 04:00:00,4,9,5
11,2017-08-14 06:00:00,76,84,8
11,2017-08-14 08:00:00,201,214,13
11,2017-08-14 10:00:00,110,132,22
11,2017-08-14 12:00:00,167,151,-16
11,2017-08-14 14:00:00,147,154,7
11,2017-08-14 16:00:00,225,216,-9
11,2017-08-14 18:00:00,256,315,59
11,2017-08-14 20:00:00,130,129,-1
11,2017-08-14 22:00:00,39,41,2
11,2017-08-15 00:00:00,23,5,-18
11,2017-08-15 02:00:00,3,7,4
11,2017-08-15 04:00:00,11,13,2
11,2017-08-15 06:00:00,94,74,-20
11,2017-08-15 08:00:00,217,262,45
11,2017-08-15 10:00:00,121,134,13
11,2017-08-15 12:00:00,135,144,9
11,2017-08-15 14:00:00,151,127,-24
11,2017-08-15 16:00:00,250,190,-60
11,2017-08-15 18:00:00,322,323,1
11,2017-08-15 20:00:00,139,156,17
11,2017-08-15 22:00:00,63,63,0
11,2017-08-16 00:00:00,15,21,6
11,2017-08-16 02:00:00,8,6,-2
11,2017-08-16 04:00:00,7,8,1
11,2017-08-16 06:00:00,91,81,-10
11,2017-08-16 08:00:00,201,258,57
11,2017-08-16 10:00:00,103,115,12
11,2017-08-16 12:00:00,108,114,6
11,2017-08-16 14:00:00,109,116,7
11,2017-08-16 16:00:00,198,181,-17
11,2017-08-16 18:00:00,272,319,47
11,2017-08-16 20:00:00,115,115,0
11,2017-08-16 22:00:00,41,52,11
11,2017-08-17 00:00:00,18,9,-9
11,2017-08-17 02:00:00,2,4,2
11,2017-08-17 04:00:00,6,5,-1
11,2017-08-17 06:00:00,53,63,10
11,2017-08-17 08:00:00,136,213,77
11,2017-08-17 10:00:00,85,87,2
11,2017-08-17 12:00:00,118,102,-16
11,2017-08-17 14:00:00,116,106,-10
11,2017-08-17 16:00:00,208,187,-21
11,2017-08-17 18:00:00,207,223,16
11,2017-08-17 20:00:00,105,88,-17
11,2017-08-17 22:00:00,49,39,-10
11,2017-08-18 00:00:00,19,14,-5
11,2017-08-18 02:00:00,7,3,-4
11,2017-08-18 04:00:00,5,4,-1
11,2017-08-18 06:00:00,42,64,22
11,2017-08-18 08:00:00,156,216,60
11,2017-08-18 10:00:00,129,135,6
11,2017-08-18 12:00:00,88,97,9
11,2017-08-18 14:00:00,102,73,-29
11,2017-08-18 16:00:00,157,122,-35
11,2017-08-18 18:00:00,167,166,-1
11,2017-08-18 20:00:00,78,65,-13
11,2017-08-18 22:00:00,43,30,-13
11,2017-08-19 00:00:00,24,19,-5
11,2017-08-19 02:00:00,6,10,4
11,2017-08-19 04:00:00,3,5,2
11,2017-08-19 06:00:00,13,18,5
11,2017-08-19 08:00:00,54,74,20
11,2017-08-19 10:00:00,160,144,-16
11,2017-08-19 12:00:00,212,221,9
11,2017-08-19 14:00:00,206,221,15
11,2017-08-19 16:00:00,229,244,15
11,2017-08-19 18:00:00,149,160,11
11,2017-08-19 20:00:00,75,82,7
11,2017-08-19 22:00:00,54,34,-20
11,2017-08-20 00:00:00,25,37,12
11,2017-08-20 02:00:00,4,11,7
11,2017-08-20 04:00:00,4,5,1
11,2017-08-20 06:00:00,10,12,2
11,2017-08-20 08:00:00,47,40,-7
11,2017-08-20 10:00:00,134,105,-29
11,2017-08-20 12:00:00,217,237,20
11,2017-08-20 14:00:00,229,235,6
11,2017-08-20 16:00:00,212,254,42
11,2017-08-20 18:00:00,94,77,-17
11,2017-08-20 20:00:00,31,38,7
11,2017-08-20 22:00:00,19,14,-5
11,2017-08-21 00:00:00,8,7,-1
11,2017-08-21 02:00:00,2,2,0
11,2017-08-21 04:00:00,4,1,-3
11,2017-08-21 06:00:00,52,47,-5
11,2017-08-21 08:00:00,110,165,55
11,2017-08-21 10:00:00,65,108,43
11,2017-08-21 12:00:00,95,100,5
11,2017-08-21 14:00:00,115,116,1
11,2017-08-21 16:00:00,232,160,-72
11,2017-08-21 18:00:00,228,219,-9
11,2017-08-21 20:00:00,92,95,3
11,2017-08-21 22:00:00,50,28,-22
11,2017-08-22 00:00:00,14,17,3
11,2017-08-22 02:00:00,4,6,2
11,2017-08-22 04:00:00,5,9,4
11,2017-08-22 06:00:00,87,78,-9
11,2017-08-22 08:00:00,169,246,77
11,2017-08-22 10:00:00,105,116,11
11,2017-08-22 12:00:00,122,118,-4
11,2017-08-22 14:00:00,138,156,18
11,2017-08-22 16:00:00,228,146,-82
11,2017-08-22 18:00:00,228,254,26
11,2017-08-22 20:00:00,82,59,-23
11,2017-08-22 22:00:00,45,33,-12
11,2017-08-23 00:00:00,11,15,4
11,2017-08-23 02:00:00,3,3,0
11,2017-08-23 04:00:00,5,11,6
11,2017-08-23 06:00:00,85,84,-1
11,2017-08-23 08:00:00,171,231,60
11,2017-08-23 10:00:00,85,131,46
11,2017-08-23 12:00:00,109,123,14
11,2017-08-23 14:00:00,115,113,-2
11,2017-08-23 16:00:00,194,162,-32
11,2017-08-23 18:00:00,239,267,28
11,2017-08-23 20:00:00,113,118,5
11,2017-08-23 22:00:00,57,49,-8
11,2017-08-24 00:00:00,20,12,-8
11,2017-08-24 02:00:00,13,4,-9
11,2017-08-24 04:00:00,3,6,3
11,2017-08-24 06:00:00,73,91,18
11,2017-08-24 08:00:00,190,229,39
11,2017-08-24 10:00:00,79,107,28
11,2017-08-24 12:00:00,98,114,16
11,2017-08-24 14:00:00,163,114,-49
11,2017-08-24 16:00:00,199,191,-8
11,2017-08-24 18:00:00,229,274,45
11,2017-08-24 20:00:00,93,106,13
11,2017-08-24 22:00:00,68,44,-24
11,2017-08-25 00:00:00,18,17,-1
11,2017-08-25 02:00:00,8,3,-5
11,2017-08-25 04:00:00,9,10,1
11,2017-08-25 06:00:00,63,76,13
11,2017-08-25 08:00:00,161,217,56
11,2017-08-25 10:00:00,105,122,17
11,2017-08-25 12:00:00,147,159,12
11,2017-08-25 14:00:00,195,185,-10
11,2017-08-25 16:00:00,300,249,-51
11,2017-08-25 18:00:00,218,229,11
11,2017-08-25 20:00:00,111,121,10
11,2017-08-25 22:00:00,68,29,-39
11,2017-08-26 00:00:00,42,21,-21
11,2017-08-26 02:00:00,13,18,5
11,2017-08-26 04:00:00,8,11,3
11,2017-08-26 06:00:00,17,17,0
11,2017-08-26 08:00:00,50,67,17
11,2017-08-26 10:00:00,162,149,-13
11,2017-08-26 12:00:00,234,229,-5
11,2017-08-26 14:00:00,247,248,1
11,2017-08-26 16:00:00,267,267,0
11,2017-08-26 18:00:00,166,154,-12
11,2017-08-26 20:00:00,77,104,27
11,2017-08-26 22:00:00,90,51,-39
11,2017-08-27 00:00:00,45,45,0
11,2017-08-27 02:00:00,24,26,2
11,2017-08-27 04:00:00,7,3,-4
11,2017-08-27 06:00:00,17,26,9
11,2017-08-27 08:00:00,43,51,8
11,2017-08-27 10:00:00,154,143,-11
11,2017-08-27 12:00:00,216,260,44
11,2017-08-27 14:00:00,262,291,29
11,2017-08-27 16:00:00,305,297,-8
11,2017-08-27 18:00:00,251,202,-49
11,2017-08-27 20:00:00,128,108,-20
11,2017-08-27 22:00:00,69,50,-19
11,2017-08-28 00:00:00,31,31,0
11,2017-08-28 02:00:00,19,28,9
11,2017-08-28 04:00:00,11,4,-7
11,2017-08-28 06:00:00,20,24,4
11,2017-08-28 08:00:00,56,69,13
11,2017-08-28 10:00:00,144,118,-26
11,2017-08-28 12:00:00,194,272,78
11,2017-08-28 14:00:00,272,333,61
11,2017-08-28 16:00:00,296,270,-26
11,2017-08-28 18:00:00,268,208,-60
11,2017-08-28 20:00:00,131,109,-22
11,2017-08-28 22:00:00,52,43,-9
11,2017-08-29 00:00:00,15,22,7
11,2017-08-29 02:00:00,7,9,2
11,2017-08-29 04:00:00,5,8,3
11,2017-08-29 06:00:00,80,77,-3
11,2017-08-29 08:00:00,183,205,22
11,2017-08-29 10:00:00,97,127,30
11,2017-08-29 12:00:00,133,136,3
11,2017-08-29 14:00:00,135,133,-2
11,2017-08-29 16:00:00,244,206,-38
11,2017-08-29 18:00:00,242,281,39
11,2017-08-29 20:00:00,84,112,28
11,2017-08-29 22:00:00,47,26,-21
11,2017-08-30 00:00:00,12,13,1
11,2017-08-30 02:00:00,7,4,-3
11,2017-08-30 04:00:00,5,6,1
11,2017-08-30 06:00:00,90,86,-4
11,2017-08-30 08:00:00,182,243,61
11,2017-08-30 10:00:00,61,88,27
11,2017-08-30 12:00:00,30,45,15
11,2017-08-30 14:00:00,17,20,3
11,2017-08-30 16:00:00,94,62,-32
11,2017-08-30 18:00:00,169,139,-30
11,2017-08-30 20:00:00,96,70,-26
11,2017-08-30 22:00:00,37,31,-6
11,2017-08-31 00:00:00,24,17,-7
11,2017-08-31 02:00:00,8,2,-6
11,2017-08-31 04:00:00,9,6,-3
11,2017-08-31 06:00:00,91,83,-8
11,2017-08-31 08:00:00,211,247,36
11,2017-08-31 10:00:00,90,142,52
11,2017-08-31 12:00:00,132,139,7
11,2017-08-31 14:00:00,162,151,-11
11,2017-08-31 16:00:00,240,206,-34
11,2017-08-31 18:00:00,225,280,55
11,2017-08-31 20:00:00,105,117,12
11,2017-08-31 22:00:00,66,40,-26
11,2017-09-01 00:00:00,23,12,-11
11,2017-09-01 02:00:00,5,4,-1
11,2017-09-01 04:00:00,4,10,6
11,2017-09-01 06:00:00,82,84,2
11,2017-09-01 08:00:00,229,252,23
11,2017-09-01 10:00:00,122,144,22
11,2017-09-01 12:00:00,175,159,-16
11,2017-09-01 14:00:00,180,176,-4
11,2017-09-01 16:00:00,278,237,-41
11,2017-09-01 18:00:00,227,288,61
11,2017-09-01 20:00:00,101,99,-2
11,2017-09-01 22:00:00,50,46,-4
11,2017-09-02 00:00:00,56,20,-36
11,2017-09-02 02:00:00,7,2,-5
11,2017-09-02 04:00:00,4,3,-1
11,2017-09-02 06:00:00,18,21,3
11,2017-09-02 08:00:00,96,67,-29
11,2017-09-02 10:00:00,157,172,15
11,2017-09-02 12:00:00,222,261,39
11,2017-09-02 14:00:00,299,290,-9
11,2017-09-02 16:00:00,256,212,-44
11,2017-09-02 18:00:00,190,183,-7
11,2017-09-02 20:00:00,111,105,-6
11,2017-09-02 22:00:00,53,39,-14
11,2017-09-03 00:00:00,41,22,-19
11,2017-09-03 02:00:00,16,14,-2
11,2017-09-03 04:00:00,2,6,4
11,2017-09-03 06:00:00,17,18,1
11,2017-09-03 08:00:00,35,69,34
11,2017-09-03 10:00:00,157,149,-8
11,2017-09-03 12:00:00,153,208,55
11,2017-09-03 14:00:00,175,177,2
11,2017-09-03 16:00:00,133,135,2
11,2017-09-03 18:00:00,95,90,-5
11,2017-09-03 20:00:00,44,35,-9
11,2017-09-03 22:00:00,33,24,-9
11,2017-09-04 00:00:00,6,5,-1
11,2017-09-04 02:00:00,2,0,-2
11,2017-09-04 04:00:00,4,6,2
11,2017-09-04 06:00:00,51,49,-2
11,2017-09-04 08:00:00,136,189,53
11,2017-09-04 10:00:00,72,81,9
11,2017-09-04 12:00:00,95,84,-11
11,2017-09-04 14:00:00,105,118,13
11,2017-09-04 16:00:00,206,168,-38
11,2017-09-04 18:00:00,235,298,63
11,2017-09-04 20:00:00,87,83,-4
11,2017-09-04 22:00:00,40,33,-7
11,2017-09-05 00:00:00,19,3,-16
11,2017-09-05 02:00:00,6,12,6
11,2017-09-05 04:00:00,6,7,1
11,2017-09-05 06:00:00,89,86,-3
11,2017-09-05 08:00:00,208,257,49
11,2017-09-05 10:00:00,94,113,19
11,2017-09-05 12:00:00,96,115,19
11,2017-09-05 14:00:00,113,140,27
11,2017-09-05 16:00:00,166,119,-47
11,2017-09-05 18:00:00,215,229,14
11,2017-09-05 20:00:00,77,86,9
11,2017-09-05 22:00:00,33,27,-6
11,2017-09-06 00:00:00,17,7,-10
11,2017-09-06 02:00:00,6,11,5
11,2017-09-06 04:00:00,11,10,-1
11,2017-09-06 06:00:00,113,96,-17
11,2017-09-06 08:00:00,252,298,46
11,2017-09-06 10:00:00,114,129,15
11,2017-09-06 12:00:00,118,136,18
11,2017-09-06 14:00:00,150,115,-35
11,2017-09-06 16:00:00,259,194,-65
11,2017-09-06 18:00:00,274,308,34
11,2017-09-06 20:00:00,124,105,-19
11,2017-09-06 22:00:00,69,62,-7
11,2017-09-07 00:00:00,29,11,-18
11,2017-09-07 02:00:00,14,7,-7
11,2017-09-07 04:00:00,11,5,-6
11,2017-09-07 06:00:00,103,92,-11
11,2017-09-07 08:00:00,246,293,47
11,2017-09-07 10:00:00,105,137,32
11,2017-09-07 12:00:00,98,98,0
11,2017-09-07 14:00:00,165,128,-37
11,2017-09-07 16:00:00,246,211,-35
11,2017-09-07 18:00:00,240,318,78
11,2017-09-07 20:00:00,97,99,2
11,2017-09-07 22:00:00,61,51,-10
11,2017-09-08 00:00:00,26,24,-2
11,2017-09-08 02:00:00,12,4,-8
11,2017-09-08 04:00:00,10,5,-5
11,2017-09-08 06:00:00,32,43,11
11,2017-09-08 08:00:00,96,137,41
11,2017-09-08 10:00:00,61,104,43
11,2017-09-08 12:00:00,33,40,7
11,2017-09-08 14:00:00,99,100,1
11,2017-09-08 16:00:00,208,170,-38
11,2017-09-08 18:00:00,175,214,39
11,2017-09-08 20:00:00,65,59,-6
11,2017-09-08 22:00:00,51,25,-26
11,2017-09-09 00:00:00,43,22,-21
11,2017-09-09 02:00:00,19,7,-12
11,2017-09-09 04:00:00,4,4,0
11,2017-09-09 06:00:00,14,25,11
11,2017-09-09 08:00:00,76,65,-11
11,2017-09-09 10:00:00,188,172,-16
11,2017-09-09 12:00:00,237,224,-13
11,2017-09-09 14:00:00,236,289,53
11,2017-09-09 16:00:00,211,200,-11
11,2017-09-09 18:00:00,197,164,-33
11,2017-09-09 20:00:00,59,69,10
11,2017-09-09 22:00:00,76,40,-36
11,2017-09-10 00:00:00,36,26,-10
11,2017-09-10 02:00:00,15,17,2
11,2017-09-10 04:00:00,1,4,3
11,2017-09-10 06:00:00,11,17,6
11,2017-09-10 08:00:00,59,48,-11
11,2017-09-10 10:00:00,164,167,3
11,2017-09-10 12:00:00,211,244,33
11,2017-09-10 14:00:00,233,205,-28
11,2017-09-10 16:00:00,166,217,51
11,2017-09-10 18:00:00,63,56,-7
11,2017-09-10 20:00:00,35,28,-7
11,2017-09-10 22:00:00,39,15,-24
11,2017-09-11 00:00:00,12,10,-2
11,2017-09-11 02:00:00,3,3,0
11,2017-09-11 04:00:00,6,5,-1
11,2017-09-11 06:00:00,67,65,-2
11,2017-09-11 08:00:00,156,187,31
11,2017-09-11 10:00:00,94,110,16
11,2017-09-11 12:00:00,124,127,3
11,2017-09-11 14:00:00,129,135,6
11,2017-09-11 16:00:00,135,103,-32
11,2017-09-11 18:00:00,190,212,22
11,2017-09-11 20:00:00,60,51,-9
11,2017-09-11 22:00:00,23,19,-4
11,2017-09-12 00:00:00,23,12,-11
11,2017-09-12 02:00:00,4,4,0
11,2017-09-12 04:00:00,5,6,1
11,2017-09-12 06:00:00,109,78,-31
11,2017-09-12 08:00:00,239,280,41
11,2017-09-12 10:00:00,107,111,4
11,2017-09-12 12:00:00,122,124,2
11,2017-09-12 14:00:00,123,117,-6
11,2017-09-12 16:00:00,235,213,-22
11,2017-09-12 18:00:00,250,276,26
11,2017-09-12 20:00:00,44,47,3
11,2017-09-12 22:00:00,7,7,0
11,2017-09-13 00:00:00,12,5,-7
11,2017-09-13 02:00:00,5,2,-3
11,2017-09-13 04:00:00,8,10,2
11,2017-09-13 06:00:00,95,82,-13
11,2017-09-13 08:00:00,239,283,44
11,2017-09-13 10:00:00,92,121,29
11,2017-09-13 12:00:00,135,122,-13
11,2017-09-13 14:00:00,106,98,-8
11,2017-09-13 16:00:00,210,160,-50
11,2017-09-13 18:00:00,286,278,-8
11,2017-09-13 20:00:00,63,82,19
11,2017-09-13 22:00:00,42,34,-8
11,2017-09-14 00:00:00,23,15,-8
11,2017-09-14 02:00:00,18,7,-11
11,2017-09-14 04:00:00,5,4,-1
11,2017-09-14 06:00:00,93,79,-14
11,2017-09-14 08:00:00,204,286,82
11,2017-09-14 10:00:00,104,102,-2
11,2017-09-14 12:00:00,98,111,13
11,2017-09-14 14:00:00,150,97,-53
11,2017-09-14 16:00:00,199,161,-38
11,2017-09-14 18:00:00,193,197,4
11,2017-09-14 20:00:00,76,69,-7
11,2017-09-14 22:00:00,51,37,-14
11,2017-09-15 00:00:00,25,19,-6
11,2017-09-15 02:00:00,9,10,1
11,2017-09-15 04:00:00,3,3,0
11,2017-09-15 06:00:00,71,73,2
11,2017-09-15 08:00:00,296,290,-6
11,2017-09-15 10:00:00,132,133,1
11,2017-09-15 12:00:00,164,157,-7
11,2017-09-15 14:00:00,162,136,-26
11,2017-09-15 16:00:00,226,199,-27
11,2017-09-15 18:00:00,209,221,12
11,2017-09-15 20:00:00,69,61,-8
11,2017-09-15 22:00:00,33,28,-5
11,2017-09-16 00:00:00,31,24,-7
11,2017-09-16 02:00:00,11,15,4
11,2017-09-16 04:00:00,11,6,-5
11,2017-09-16 06:00:00,20,23,3
11,2017-09-16 08:00:00,71,92,21
11,2017-09-16 10:00:00,126,151,25
11,2017-09-16 12:00:00,225,185,-40
11,2017-09-16 14:00:00,204,190,-14
11,2017-09-16 16:00:00,193,194,1
11,2017-09-16 18:00:00,162,150,-12
11,2017-09-16 20:00:00,48,64,16
11,2017-09-16 22:00:00,35,27,-8
11,2017-09-17 00:00:00,43,27,-16
11,2017-09-17 02:00:00,29,12,-17
11,2017-09-17 04:00:00,3,11,8
11,2017-09-17 06:00:00,14,7,-7
11,2017-09-17 08:00:00,50,48,-2
11,2017-09-17 10:00:00,115,121,6
11,2017-09-17 12:00:00,193,226,33
11,2017-09-17 14:00:00,273,249,-24
11,2017-09-17 16:00:00,220,229,9
11,2017-09-17 18:00:00,129,147,18
11,2017-09-17 20:00:00,50,51,1
11,2017-09-17 22:00:00,27,29,2
11,2017-09-18 00:00:00,11,8,-3
11,2017-09-18 02:00:00,4,4,0
11,2017-09-18 04:00:00,9,5,-4
11,2017-09-18 06:00:00,77,77,0
11,2017-09-18 08:00:00,214,243,29
11,2017-09-18 10:00:00,89,115,26
11,2017-09-18 12:00:00,84,95,11
11,2017-09-18 14:00:00,123,102,-21
11,2017-09-18 16:00:00,232,181,-51
11,2017-09-18 18:00:00,236,253,17
11,2017-09-18 20:00:00,71,67,-4
11,2017-09-18 22:00:00,20,13,-7
11,2017-09-19 00:00:00,3,4,1
11,2017-09-19 02:00:00,4,6,2
11,2017-09-19 04:00:00,6,7,1
11,2017-09-19 06:00:00,89,85,-4
11,2017-09-19 08:00:00,218,285,67
11,2017-09-19 10:00:00,97,113,16
11,2017-09-19 12:00:00,122,109,-13
11,2017-09-19 14:00:00,149,128,-21
11,2017-09-19 16:00:00,251,167,-84
11,2017-09-19 18:00:00,220,298,78
11,2017-09-19 20:00:00,85,82,-3
11,2017-09-19 22:00:00,49,41,-8
12,2017-08-01 00:00:00,8,9,1
12,2017-08-01 02:00:00,3,3,0
12,2017-08-01 04:00:00,4,11,7
12,2017-08-01 06:00:00,56,244,188
12,2017-08-01 08:00:00,161,745,584
12,2017-08-01 10:00:00,132,188,56
12,2017-08-01 12:00:00,187,215,28
12,2017-08-01 14:00:00,250,205,-45
12,2017-08-01 16:00:00,619,254,-365
12,2017-08-01 18:00:00,533,279,-254
12,2017-08-01 20:00:00,140,99,-41
12,2017-08-01 22:00:00,61,30,-31
12,2017-08-02 00:00:00,9,12,3
12,2017-08-02 02:00:00,4,7,3
12,2017-08-02 04:00:00,7,13,6
12,2017-08-02 06:00:00,47,220,173
12,2017-08-02 08:00:00,175,705,530
12,2017-08-02 10:00:00,104,146,42
12,2017-08-02 12:00:00,91,126,35
12,2017-08-02 14:00:00,41,25,-16
12,2017-08-02 16:00:00,267,70,-197
12,2017-08-02 18:00:00,358,139,-219
12,2017-08-02 20:00:00,101,54,-47
12,2017-08-02 22:00:00,39,28,-11
12,2017-08-03 00:00:00,10,5,-5
12,2017-08-03 02:00:00,11,6,-5
12,2017-08-03 04:00:00,5,9,4
12,2017-08-03 06:00:00,52,192,140
12,2017-08-03 08:00:00,158,639,481
12,2017-08-03 10:00:00,97,146,49
12,2017-08-03 12:00:00,157,168,11
12,2017-08-03 14:00:00,195,147,-48
12,2017-08-03 16:00:00,491,214,-277
12,2017-08-03 18:00:00,513,282,-231
12,2017-08-03 20:00:00,149,93,-56
12,2017-08-03 22:00:00,82,43,-39
12,2017-08-04 00:00:00,28,11,-17
12,2017-08-04 02:00:00,3,0,-3
12,2017-08-04 04:00:00,4,8,4
12,2017-08-04 06:00:00,43,184,141
12,2017-08-04 08:00:00,132,569,437
12,2017-08-04 10:00:00,124,182,58
12,2017-08-04 12:00:00,188,198,10
12,2017-08-04 14:00:00,233,227,-6
12,2017-08-04 16:00:00,495,249,-246
12,2017-08-04 18:00:00,310,250,-60
12,2017-08-04 20:00:00,121,116,-5
12,2017-08-04 22:00:00,55,65,10
12,2017-08-05 00:00:00,61,29,-32
12,2017-08-05 02:00:00,17,9,-8
12,2017-08-05 04:00:00,6,8,2
12,2017-08-05 06:00:00,7,13,6
12,2017-08-05 08:00:00,34,89,55
12,2017-08-05 10:00:00,114,205,91
12,2017-08-05 12:00:00,125,198,73
12,2017-08-05 14:00:00,210,252,42
12,2017-08-05 16:00:00,297,244,-53
12,2017-08-05 18:00:00,281,243,-38
12,2017-08-05 20:00:00,145,112,-33
12,2017-08-05 22:00:00,71,65,-6
12,2017-08-06 00:00:00,53,36,-17
12,2017-08-06 02:00:00,23,19,-4
12,2017-08-06 04:00:00,3,5,2
12,2017-08-06 06:00:00,8,10,2
12,2017-08-06 08:00:00,43,57,14
12,2017-08-06 10:00:00,106,175,69
12,2017-08-06 12:00:00,220,276,56
12,2017-08-06 14:00:00,259,323,64
12,2017-08-06 16:00:00,287,255,-32
12,2017-08-06 18:00:00,221,171,-50
12,2017-08-06 20:00:00,105,104,-1
12,2017-08-06 22:00:00,63,48,-15
12,2017-08-07 00:00:00,19,25,6
12,2017-08-07 02:00:00,6,2,-4
12,2017-08-07 04:00:00,5,12,7
12,2017-08-07 06:00:00,44,200,156
12,2017-08-07 08:00:00,114,600,486
12,2017-08-07 10:00:00,102,151,49
12,2017-08-07 12:00:00,153,159,6
12,2017-08-07 14:00:00,194,179,-15
12,2017-08-07 16:00:00,537,265,-272
12,2017-08-07 18:00:00,359,191,-168
12,2017-08-07 20:00:00,75,49,-26
12,2017-08-07 22:00:00,30,9,-21
12,2017-08-08 00:00:00,9,11,2
12,2017-08-08 02:00:00,2,2,0
12,2017-08-08 04:00:00,6,10,4
12,2017-08-08 06:00:00,50,205,155
12,2017-08-08 08:00:00,144,661,517
12,2017-08-08 10:00:00,109,150,41
12,2017-08-08 12:00:00,155,186,31
12,2017-08-08 14:00:00,227,192,-35
12,2017-08-08 16:00:00,449,215,-234
12,2017-08-08 18:00:00,459,203,-256
12,2017-08-08 20:00:00,100,81,-19
12,2017-08-08 22:00:00,50,16,-34
12,2017-08-09 00:00:00,21,7,-14
12,2017-08-09 02:00:00,0,1,1
12,2017-08-09 04:00:00,3,8,5
12,2017-08-09 06:00:00,36,155,119
12,2017-08-09 08:00:00,70,312,242
12,2017-08-09 10:00:00,12,42,30
12,2017-08-09 12:00:00,28,21,-7
12,2017-08-09 14:00:00,15,9,-6
12,2017-08-09 16:00:00,107,21,-86
12,2017-08-09 18:00:00,73,29,-44
12,2017-08-09 20:00:00,18,8,-10
12,2017-08-09 22:00:00,16,5,-11
12,2017-08-10 00:00:00,10,1,-9
12,2017-08-10 02:00:00,7,0,-7
12,2017-08-10 04:00:00,2,7,5
12,2017-08-10 06:00:00,50,205,155
12,2017-08-10 08:00:00,161,581,420
12,2017-08-10 10:00:00,110,142,32
12,2017-08-10 12:00:00,186,179,-7
12,2017-08-10 14:00:00,216,159,-57
12,2017-08-10 16:00:00,472,255,-217
12,2017-08-10 18:00:00,546,324,-222
12,2017-08-10 20:00:00,120,94,-26
12,2017-08-10 22:00:00,48,46,-2
12,2017-08-11 00:00:00,25,12,-13
12,2017-08-11 02:00:00,4,3,-1
12,2017-08-11 04:00:00,8,7,-1
12,2017-08-11 06:00:00,44,162,118
12,2017-08-11 08:00:00,146,614,468
12,2017-08-11 10:00:00,127,179,52
12,2017-08-11 12:00:00,200,223,23
12,2017-08-11 14:00:00,263,220,-43
12,2017-08-11 16:00:00,483,270,-213
12,2017-08-11 18:00:00,309,204,-105
12,2017-08-11 20:00:00,88,74,-14
12,2017-08-11 22:00:00,59,38,-21
12,2017-08-12 00:00:00,26,20,-6
12,2017-08-12 02:00:00,15,13,-2
12,2017-08-12 04:00:00,6,5,-1
12,2017-08-12 06:00:00,3,19,16
12,2017-08-12 08:00:00,33,92,59
12,2017-08-12 10:00:00,100,188,88
12,2017-08-12 12:00:00,176,233,57
12,2017-08-12 14:00:00,283,283,0
12,2017-08-12 16:00:00,308,290,-18
12,2017-08-12 18:00:00,248,216,-32
12,2017-08-12 20:00:00,135,108,-27
12,2017-08-12 22:00:00,75,56,-19
12,2017-08-13 00:00:00,60,28,-32
12,2017-08-13 02:00:00,21,11,-10
12,2017-08-13 04:00:00,2,5,3
12,2017-08-13 06:00:00,14,23,9
12,2017-08-13 08:00:00,29,59,30
12,2017-08-13 10:00:00,103,214,111
12,2017-08-13 12:00:00,266,304,38
12,2017-08-13 14:00:00,299,328,29
12,2017-08-13 16:00:00,311,308,-3
12,2017-08-13 18:00:00,220,190,-30
12,2017-08-13 20:00:00,128,122,-6
12,2017-08-13 22:00:00,41,32,-9
12,2017-08-14 00:00:00,12,6,-6
12,2017-08-14 02:00:00,5,4,-1
12,2017-08-14 04:00:00,4,7,3
12,2017-08-14 06:00:00,49,190,141
12,2017-08-14 08:00:00,156,639,483
12,2017-08-14 10:00:00,147,160,13
12,2017-08-14 12:00:00,189,192,3
12,2017-08-14 14:00:00,224,210,-14
12,2017-08-14 16:00:00,572,225,-347
12,2017-08-14 18:00:00,520,263,-257
12,2017-08-14 20:00:00,111,69,-42
12,2017-08-14 22:00:00,50,32,-18
12,2017-08-15 00:00:00,14,12,-2
12,2017-08-15 02:00:00,6,4,-2
12,2017-08-15 04:00:00,3,14,11
12,2017-08-15 06:00:00,53,225,172
12,2017-08-15 08:00:00,182,697,515
12,2017-08-15 10:00:00,142,184,42
12,2017-08-15 12:00:00,186,220,34
12,2017-08-15 14:00:00,234,201,-33
12,2017-08-15 16:00:00,573,273,-300
12,2017-08-15 18:00:00,492,295,-197
12,2017-08-15 20:00:00,156,77,-79
12,2017-08-15 22:00:00,55,31,-24
12,2017-08-16 00:00:00,9,16,7
12,2017-08-16 02:00:00,3,6,3
12,2017-08-16 04:00:00,3,7,4
12,2017-08-16 06:00:00,55,213,158
12,2017-08-16 08:00:00,153,687,534
12,2017-08-16 10:00:00,89,159,70
12,2017-08-16 12:00:00,183,192,9
12,2017-08-16 14:00:00,208,207,-1
12,2017-08-16 16:00:00,560,261,-299
12,2017-08-16 18:00:00,529,273,-256
12,2017-08-16 20:00:00,128,113,-15
12,2017-08-16 22:00:00,63,31,-32
12,2017-08-17 00:00:00,11,8,-3
12,2017-08-17 02:00:00,2,2,0
12,2017-08-17 04:00:00,5,7,2
12,2017-08-17 06:00:00,25,110,85
12,2017-08-17 08:00:00,104,508,404
12,2017-08-17 10:00:00,93,147,54
12,2017-08-17 12:00:00,143,175,32
12,2017-08-17 14:00:00,190,186,-4
12,2017-08-17 16:00:00,438,231,-207
12,2017-08-17 18:00:00,409,268,-141
12,2017-08-17 20:00:00,123,91,-32
12,2017-08-17 22:00:00,65,37,-28
12,2017-08-18 00:00:00,20,5,-15
12,2017-08-18 02:00:00,2,1,-1
12,2017-08-18 04:00:00,0,7,7
12,2017-08-18 06:00:00,38,155,117
12,2017-08-18 08:00:00,114,568,454
12,2017-08-18 10:00:00,107,153,46
12,2017-08-18 12:00:00,140,183,43
12,2017-08-18 14:00:00,151,122,-29
12,2017-08-18 16:00:00,332,131,-201
12,2017-08-18 18:00:00,303,162,-141
12,2017-08-18 20:00:00,88,90,2
12,2017-08-18 22:00:00,39,16,-23
12,2017-08-19 00:00:00,24,10,-14
12,2017-08-19 02:00:00,14,13,-1
12,2017-08-19 04:00:00,4,8,4
12,2017-08-19 06:00:00,6,22,16
12,2017-08-19 08:00:00,36,71,35
12,2017-08-19 10:00:00,102,183,81
12,2017-08-19 12:00:00,205,252,47
12,2017-08-19 14:00:00,244,251,7
12,2017-08-19 16:00:00,254,272,18
12,2017-08-19 18:00:00,234,208,-26
12,2017-08-19 20:00:00,109,98,-11
12,2017-08-19 22:00:00,87,43,-44
12,2017-08-20 00:00:00,40,31,-9
12,2017-08-20 02:00:00,19,7,-12
12,2017-08-20 04:00:00,3,6,3
12,2017-08-20 06:00:00,7,15,8
12,2017-08-20 08:00:00,23,55,32
12,2017-08-20 10:00:00,114,160,46
12,2017-08-20 12:00:00,222,289,67
12,2017-08-20 14:00:00,249,273,24
12,2017-08-20 16:00:00,249,240,-9
12,2017-08-20 18:00:00,104,121,17
12,2017-08-20 20:00:00,41,41,0
12,2017-08-20 22:00:00,12,27,15
12,2017-08-21 00:00:00,4,0,-4
12,2017-08-21 02:00:00,1,0,-1
12,2017-08-21 04:00:00,4,5,1
12,2017-08-21 06:00:00,25,105,80
12,2017-08-21 08:00:00,87,430,343
12,2017-08-21 10:00:00,80,128,48
12,2017-08-21 12:00:00,121,141,20
12,2017-08-21 14:00:00,177,173,-4
12,2017-08-21 16:00:00,475,186,-289
12,2017-08-21 18:00:00,348,196,-152
12,2017-08-21 20:00:00,75,59,-16
12,2017-08-21 22:00:00,39,19,-20
12,2017-08-22 00:00:00,9,4,-5
12,2017-08-22 02:00:00,5,8,3
12,2017-08-22 04:00:00,4,10,6
12,2017-08-22 06:00:00,38,198,160
12,2017-08-22 08:00:00,141,651,510
12,2017-08-22 10:00:00,103,173,70
12,2017-08-22 12:00:00,173,191,18
12,2017-08-22 14:00:00,190,162,-28
12,2017-08-22 16:00:00,482,228,-254
12,2017-08-22 18:00:00,365,225,-140
12,2017-08-22 20:00:00,70,41,-29
12,2017-08-22 22:00:00,27,12,-15
12,2017-08-23 00:00:00,11,4,-7
12,2017-08-23 02:00:00,1,1,0
12,2017-08-23 04:00:00,5,11,6
12,2017-08-23 06:00:00,37,184,147
12,2017-08-23 08:00:00,162,645,483
12,2017-08-23 10:00:00,117,148,31
12,2017-08-23 12:00:00,156,159,3
12,2017-08-23 14:00:00,160,141,-19
12,2017-08-23 16:00:00,464,244,-220
12,2017-08-23 18:00:00,486,272,-214
12,2017-08-23 20:00:00,107,86,-21
12,2017-08-23 22:00:00,32,28,-4
12,2017-08-24 00:00:00,9,7,-2
12,2017-08-24 02:00:00,2,0,-2
12,2017-08-24 04:00:00,3,7,4
12,2017-08-24 06:00:00,37,214,177
12,2017-08-24 08:00:00,161,645,484
12,2017-08-24 10:00:00,118,194,76
12,2017-08-24 12:00:00,158,199,41
12,2017-08-24 14:00:00,234,166,-68
12,2017-08-24 16:00:00,485,254,-231
12,2017-08-24 18:00:00,474,258,-216
12,2017-08-24 20:00:00,158,95,-63
12,2017-08-24 22:00:00,57,28,-29
12,2017-08-25 00:00:00,13,9,-4
12,2017-08-25 02:00:00,3,2,-1
12,2017-08-25 04:00:00,4,9,5
12,2017-08-25 06:00:00,39,172,133
12,2017-08-25 08:00:00,135,496,361
12,2017-08-25 10:00:00,126,180,54
12,2017-08-25 12:00:00,209,218,9
12,2017-08-25 14:00:00,280,217,-63
12,2017-08-25 16:00:00,510,275,-235
12,2017-08-25 18:00:00,338,251,-87
12,2017-08-25 20:00:00,134,112,-22
12,2017-08-25 22:00:00,113,58,-55
12,2017-08-26 00:00:00,37,19,-18
12,2017-08-26 02:00:00,20,18,-2
12,2017-08-26 04:00:00,6,10,4
12,2017-08-26 06:00:00,9,30,21
12,2017-08-26 08:00:00,28,74,46
12,2017-08-26 10:00:00,105,201,96
12,2017-08-26 12:00:00,213,306,93
12,2017-08-26 14:00:00,337,281,-56
12,2017-08-26 16:00:00,334,285,-49
12,2017-08-26 18:00:00,230,238,8
12,2017-08-26 20:00:00,118,100,-18
12,2017-08-26 22:00:00,74,78,4
12,2017-08-27 00:00:00,59,25,-34
12,2017-08-27 02:00:00,25,24,-1
12,2017-08-27 04:00:00,8,4,-4
12,2017-08-27 06:00:00,11,25,14
12,2017-08-27 08:00:00,31,38,7
12,2017-08-27 10:00:00,133,176,43
12,2017-08-27 12:00:00,225,258,33
12,2017-08-27 14:00:00,266,295,29
12,2017-08-27 16:00:00,293,289,-4
12,2017-08-27 18:00:00,235,222,-13
12,2017-08-27 20:00:00,112,126,14
12,2017-08-27 22:00:00,73,63,-10
12,2017-08-28 00:00:00,60,29,-31
12,2017-08-28 02:00:00,12,12,0
12,2017-08-28 04:00:00,4,7,3
12,2017-08-28 06:00:00,14,21,7
12,2017-08-28 08:00:00,45,57,12
12,2017-08-28 10:00:00,105,164,59
12,2017-08-28 12:00:00,199,251,52
12,2017-08-28 14:00:00,298,336,38
12,2017-08-28 16:00:00,348,330,-18
12,2017-08-28 18:00:00,288,248,-40
12,2017-08-28 20:00:00,111,103,-8
12,2017-08-28 22:00:00,59,45,-14
12,2017-08-29 00:00:00,27,12,-15
12,2017-08-29 02:00:00,11,6,-5
12,2017-08-29 04:00:00,7,10,3
12,2017-08-29 06:00:00,55,192,137
12,2017-08-29 08:00:00,159,602,443
12,2017-08-29 10:00:00,108,135,27
12,2017-08-29 12:00:00,180,179,-1
12,2017-08-29 14:00:00,217,179,-38
12,2017-08-29 16:00:00,552,216,-336
12,2017-08-29 18:00:00,365,242,-123
12,2017-08-29 20:00:00,117,91,-26
12,2017-08-29 22:00:00,27,14,-13
12,2017-08-30 00:00:00,19,11,-8
12,2017-08-30 02:00:00,2,1,-1
12,2017-08-30 04:00:00,3,4,1
12,2017-08-30 06:00:00,42,202,160
12,2017-08-30 08:00:00,137,626,489
12,2017-08-30 10:00:00,60,111,51
12,2017-08-30 12:00:00,30,44,14
12,2017-08-30 14:00:00,25,29,4
12,2017-08-30 16:00:00,206,67,-139
12,2017-08-30 18:00:00,332,132,-200
12,2017-08-30 20:00:00,117,49,-68
12,2017-08-30 22:00:00,54,28,-26
12,2017-08-31 00:00:00,15,4,-11
12,2017-08-31 02:00:00,3,0,-3
12,2017-08-31 04:00:00,4,5,1
12,2017-08-31 06:00:00,52,227,175
12,2017-08-31 08:00:00,142,641,499
12,2017-08-31 10:00:00,108,158,50
12,2017-08-31 12:00:00,163,175,12
12,2017-08-31 14:00:00,180,187,7
12,2017-08-31 16:00:00,509,248,-261
12,2017-08-31 18:00:00,465,265,-200
12,2017-08-31 20:00:00,117,75,-42
12,2017-08-31 22:00:00,45,35,-10
12,2017-09-01 00:00:00,21,20,-1
12,2017-09-01 02:00:00,3,0,-3
12,2017-09-01 04:00:00,5,8,3
12,2017-09-01 06:00:00,32,169,137
12,2017-09-01 08:00:00,140,635,495
12,2017-09-01 10:00:00,110,178,68
12,2017-09-01 12:00:00,208,237,29
12,2017-09-01 14:00:00,222,214,-8
12,2017-09-01 16:00:00,551,268,-283
12,2017-09-01 18:00:00,380,242,-138
12,2017-09-01 20:00:00,117,95,-22
12,2017-09-01 22:00:00,66,28,-38
12,2017-09-02 00:00:00,32,20,-12
12,2017-09-02 02:00:00,9,11,2
12,2017-09-02 04:00:00,3,4,1
12,2017-09-02 06:00:00,5,28,23
12,2017-09-02 08:00:00,42,99,57
12,2017-09-02 10:00:00,128,210,82
12,2017-09-02 12:00:00,225,309,84
12,2017-09-02 14:00:00,312,323,11
12,2017-09-02 16:00:00,329,367,38
12,2017-09-02 18:00:00,287,238,-49
12,2017-09-02 20:00:00,75,103,28
12,2017-09-02 22:00:00,83,34,-49
12,2017-09-03 00:00:00,50,30,-20
12,2017-09-03 02:00:00,15,16,1
12,2017-09-03 04:00:00,5,4,-1
12,2017-09-03 06:00:00,19,19,0
12,2017-09-03 08:00:00,31,52,21
12,2017-09-03 10:00:00,127,161,34
12,2017-09-03 12:00:00,173,267,94
12,2017-09-03 14:00:00,157,235,78
12,2017-09-03 16:00:00,150,115,-35
12,2017-09-03 18:00:00,120,85,-35
12,2017-09-03 20:00:00,41,43,2
12,2017-09-03 22:00:00,15,20,5
12,2017-09-04 00:00:00,8,6,-2
12,2017-09-04 02:00:00,2,4,2
12,2017-09-04 04:00:00,6,7,1
12,2017-09-04 06:00:00,27,121,94
12,2017-09-04 08:00:00,87,479,392
12,2017-09-04 10:00:00,62,91,29
12,2017-09-04 12:00:00,113,135,22
12,2017-09-04 14:00:00,162,160,-2
12,2017-09-04 16:00:00,498,177,-321
12,2017-09-04 18:00:00,413,206,-207
12,2017-09-04 20:00:00,100,49,-51
12,2017-09-04 22:00:00,44,21,-23
12,2017-09-05 00:00:00,9,17,8
12,2017-09-05 02:00:00,2,0,-2
12,2017-09-05 04:00:00,4,8,4
12,2017-09-05 06:00:00,36,212,176
12,2017-09-05 08:00:00,151,693,542
12,2017-09-05 10:00:00,96,156,60
12,2017-09-05 12:00:00,121,164,43
12,2017-09-05 14:00:00,181,142,-39
12,2017-09-05 16:00:00,378,131,-247
12,2017-09-05 18:00:00,437,186,-251
12,2017-09-05 20:00:00,61,31,-30
12,2017-09-05 22:00:00,26,9,-17
12,2017-09-06 00:00:00,13,4,-9
12,2017-09-06 02:00:00,2,2,0
12,2017-09-06 04:00:00,3,15,12
12,2017-09-06 06:00:00,39,234,195
12,2017-09-06 08:00:00,168,745,577
12,2017-09-06 10:00:00,101,161,60
12,2017-09-06 12:00:00,172,213,41
12,2017-09-06 14:00:00,195,170,-25
12,2017-09-06 16:00:00,491,214,-277
12,2017-09-06 18:00:00,543,272,-271
12,2017-09-06 20:00:00,120,68,-52
12,2017-09-06 22:00:00,52,36,-16
12,2017-09-07 00:00:00,23,12,-11
12,2017-09-07 02:00:00,4,3,-1
12,2017-09-07 04:00:00,2,12,10
12,2017-09-07 06:00:00,41,218,177
12,2017-09-07 08:00:00,176,731,555
12,2017-09-07 10:00:00,112,192,80
12,2017-09-07 12:00:00,146,174,28
12,2017-09-07 14:00:00,222,192,-30
12,2017-09-07 16:00:00,485,178,-307
12,2017-09-07 18:00:00,457,267,-190
12,2017-09-07 20:00:00,114,57,-57
12,2017-09-07 22:00:00,48,27,-21
12,2017-09-08 00:00:00,20,23,3
12,2017-09-08 02:00:00,6,2,-4
12,2017-09-08 04:00:00,8,6,-2
12,2017-09-08 06:00:00,7,61,54
12,2017-09-08 08:00:00,60,296,236
12,2017-09-08 10:00:00,70,132,62
12,2017-09-08 12:00:00,53,44,-9
12,2017-09-08 14:00:00,153,111,-42
12,2017-09-08 16:00:00,422,193,-229
12,2017-09-08 18:00:00,245,189,-56
12,2017-09-08 20:00:00,59,50,-9
12,2017-09-08 22:00:00,49,26,-23
12,2017-09-09 00:00:00,24,14,-10
12,2017-09-09 02:00:00,18,8,-10
12,2017-09-09 04:00:00,4,6,2
12,2017-09-09 06:00:00,7,28,21
12,2017-09-09 08:00:00,29,88,59
12,2017-09-09 10:00:00,109,181,72
12,2017-09-09 12:00:00,187,258,71
12,2017-09-09 14:00:00,234,311,77
12,2017-09-09 16:00:00,230,232,2
12,2017-09-09 18:00:00,205,199,-6
12,2017-09-09 20:00:00,93,31,-62
12,2017-09-09 22:00:00,96,38,-58
12,2017-09-10 00:00:00,52,18,-34
12,2017-09-10 02:00:00,18,9,-9
12,2017-09-10 04:00:00,3,2,-1
12,2017-09-10 06:00:00,7,16,9
12,2017-09-10 08:00:00,39,64,25
12,2017-09-10 10:00:00,103,169,66
12,2017-09-10 12:00:00,209,279,70
12,2017-09-10 14:00:00,215,228,13
12,2017-09-10 16:00:00,153,122,-31
12,2017-09-10 18:00:00,68,46,-22
12,2017-09-10 20:00:00,47,24,-23
12,2017-09-10 22:00:00,28,14,-14
12,2017-09-11 00:00:00,19,5,-14
12,2017-09-11 02:00:00,2,6,4
12,2017-09-11 04:00:00,5,8,3
12,2017-09-11 06:00:00,41,151,110
12,2017-09-11 08:00:00,98,530,432
12,2017-09-11 10:00:00,66,145,79
12,2017-09-11 12:00:00,142,153,11
12,2017-09-11 14:00:00,142,125,-17
12,2017-09-11 16:00:00,316,113,-203
12,2017-09-11 18:00:00,420,183,-237
12,2017-09-11 20:00:00,65,33,-32
12,2017-09-11 22:00:00,25,17,-8
12,2017-09-12 00:00:00,10,8,-2
12,2017-09-12 02:00:00,3,3,0
12,2017-09-12 04:00:00,2,9,7
12,2017-09-12 06:00:00,41,239,198
12,2017-09-12 08:00:00,145,707,562
12,2017-09-12 10:00:00,109,182,73
12,2017-09-12 12:00:00,144,173,29
12,2017-09-12 14:00:00,202,200,-2
12,2017-09-12 16:00:00,540,207,-333
12,2017-09-12 18:00:00,442,229,-213
12,2017-09-12 20:00:00,36,28,-8
12,2017-09-12 22:00:00,7,3,-4
12,2017-09-13 00:00:00,11,6,-5
12,2017-09-13 02:00:00,3,0,-3
12,2017-09-13 04:00:00,8,11,3
12,2017-09-13 06:00:00,36,181,145
12,2017-09-13 08:00:00,151,735,584
12,2017-09-13 10:00:00,114,161,47
12,2017-09-13 12:00:00,165,168,3
12,2017-09-13 14:00:00,127,120,-7
12,2017-09-13 16:00:00,453,174,-279
12,2017-09-13 18:00:00,475,227,-248
12,2017-09-13 20:00:00,100,53,-47
12,2017-09-13 22:00:00,25,12,-13
12,2017-09-14 00:00:00,7,7,0
12,2017-09-14 02:00:00,2,4,2
12,2017-09-14 04:00:00,2,6,4
12,2017-09-14 06:00:00,40,206,166
12,2017-09-14 08:00:00,144,730,586
12,2017-09-14 10:00:00,112,169,57
12,2017-09-14 12:00:00,161,183,22
12,2017-09-14 14:00:00,172,156,-16
12,2017-09-14 16:00:00,473,210,-263
12,2017-09-14 18:00:00,388,190,-198
12,2017-09-14 20:00:00,122,69,-53
12,2017-09-14 22:00:00,70,33,-37
12,2017-09-15 00:00:00,23,9,-14
12,2017-09-15 02:00:00,6,4,-2
12,2017-09-15 04:00:00,5,10,5
12,2017-09-15 06:00:00,41,163,122
12,2017-09-15 08:00:00,118,689,571
12,2017-09-15 10:00:00,121,198,77
12,2017-09-15 12:00:00,204,202,-2
12,2017-09-15 14:00:00,215,197,-18
12,2017-09-15 16:00:00,496,207,-289
12,2017-09-15 18:00:00,366,162,-204
12,2017-09-15 20:00:00,94,52,-42
12,2017-09-15 22:00:00,41,24,-17
12,2017-09-16 00:00:00,29,27,-2
12,2017-09-16 02:00:00,27,11,-16
12,2017-09-16 04:00:00,3,2,-1
12,2017-09-16 06:00:00,5,19,14
12,2017-09-16 08:00:00,30,80,50
12,2017-09-16 10:00:00,86,144,58
12,2017-09-16 12:00:00,130,230,100
12,2017-09-16 14:00:00,192,249,57
12,2017-09-16 16:00:00,257,227,-30
12,2017-09-16 18:00:00,173,152,-21
12,2017-09-16 20:00:00,67,59,-8
12,2017-09-16 22:00:00,58,29,-29
12,2017-09-17 00:00:00,39,23,-16
12,2017-09-17 02:00:00,15,4,-11
12,2017-09-17 04:00:00,9,7,-2
12,2017-09-17 06:00:00,8,17,9
12,2017-09-17 08:00:00,26,51,25
12,2017-09-17 10:00:00,101,142,41
12,2017-09-17 12:00:00,167,249,82
12,2017-09-17 14:00:00,233,226,-7
12,2017-09-17 16:00:00,257,249,-8
12,2017-09-17 18:00:00,191,108,-83
12,2017-09-17 20:00:00,59,63,4
12,2017-09-17 22:00:00,33,16,-17
12,2017-09-18 00:00:00,19,10,-9
12,2017-09-18 02:00:00,6,2,-4
12,2017-09-18 04:00:00,7,13,6
12,2017-09-18 06:00:00,50,195,145
12,2017-09-18 08:00:00,147,666,519
12,2017-09-18 10:00:00,89,158,69
12,2017-09-18 12:00:00,113,145,32
12,2017-09-18 14:00:00,195,124,-71
12,2017-09-18 16:00:00,495,209,-286
12,2017-09-18 18:00:00,468,171,-297
12,2017-09-18 20:00:00,86,53,-33
12,2017-09-18 22:00:00,17,9,-8
12,2017-09-19 00:00:00,7,8,1
12,2017-09-19 02:00:00,4,3,-1
12,2017-09-19 04:00:00,4,12,8
12,2017-09-19 06:00:00,50,206,156
12,2017-09-19 08:00:00,158,756,598
12,2017-09-19 10:00:00,106,159,53
12,2017-09-19 12:00:00,183,209,26
12,2017-09-19 14:00:00,207,161,-46
12,2017-09-19 16:00:00,548,211,-337
12,2017-09-19 18:00:00,500,253,-247
12,2017-09-19 20:00:00,94,47,-47
12,2017-09-19 22:00:00,41,26,-15
13,2017-08-01 00:00:00,2,3,1
13,2017-08-01 02:00:00,1,0,-1
13,2017-08-01 04:00:00,2,2,0
13,2017-08-01 06:00:00,22,8,-14
13,2017-08-01 08:00:00,52,16,-36
13,2017-08-01 10:00:00,9,5,-4
13,2017-08-01 12:00:00,10,9,-1
13,2017-08-01 14:00:00,8,20,12
13,2017-08-01 16:00:00,15,26,11
13,2017-08-01 18:00:00,37,68,31
13,2017-08-01 20:00:00,29,31,2
13,2017-08-01 22:00:00,2,14,12
13,2017-08-02 00:00:00,0,5,5
13,2017-08-02 02:00:00,0,0,0
13,2017-08-02 04:00:00,5,1,-4
13,2017-08-02 06:00:00,21,12,-9
13,2017-08-02 08:00:00,50,12,-38
13,2017-08-02 10:00:00,5,10,5
13,2017-08-02 12:00:00,3,8,5
13,2017-08-02 14:00:00,1,1,0
13,2017-08-02 16:00:00,6,9,3
13,2017-08-02 18:00:00,16,30,14
13,2017-08-02 20:00:00,8,15,7
13,2017-08-02 22:00:00,7,7,0
13,2017-08-03 00:00:00,2,3,1
13,2017-08-03 02:00:00,1,0,-1
13,2017-08-03 04:00:00,2,4,2
13,2017-08-03 06:00:00,21,10,-11
13,2017-08-03 08:00:00,37,12,-25
13,2017-08-03 10:00:00,6,3,-3
13,2017-08-03 12:00:00,17,8,-9
13,2017-08-03 14:00:00,3,9,6
13,2017-08-03 16:00:00,11,24,13
13,2017-08-03 18:00:00,9,54,45
13,2017-08-03 20:00:00,11,14,3
13,2017-08-03 22:00:00,5,11,6
13,2017-08-04 00:00:00,0,5,5
13,2017-08-04 02:00:00,3,2,-1
13,2017-08-04 04:00:00,1,2,1
13,2017-08-04 06:00:00,18,8,-10
13,2017-08-04 08:00:00,50,13,-37
13,2017-08-04 10:00:00,9,13,4
13,2017-08-04 12:00:00,13,8,-5
13,2017-08-04 14:00:00,5,10,5
13,2017-08-04 16:00:00,24,47,23
13,2017-08-04 18:00:00,15,57,42
13,2017-08-04 20:00:00,8,30,22
13,2017-08-04 22:00:00,43,17,-26
13,2017-08-05 00:00:00,6,14,8
13,2017-08-05 02:00:00,3,3,0
13,2017-08-05 04:00:00,3,6,3
13,2017-08-05 06:00:00,1,5,4
13,2017-08-05 08:00:00,6,30,24
13,2017-08-05 10:00:00,25,43,18
13,2017-08-05 12:00:00,27,30,3
13,2017-08-05 14:00:00,67,48,-19
13,2017-08-05 16:00:00,32,44,12
13,2017-08-05 18:00:00,30,58,28
13,2017-08-05 20:00:00,23,21,-2
13,2017-08-05 22:00:00,45,9,-36
13,2017-08-06 00:00:00,12,3,-9
13,2017-08-06 02:00:00,2,9,7
13,2017-08-06 04:00:00,1,2,1
13,2017-08-06 06:00:00,3,4,1
13,2017-08-06 08:00:00,9,28,19
13,2017-08-06 10:00:00,23,23,0
13,2017-08-06 12:00:00,48,47,-1
13,2017-08-06 14:00:00,86,68,-18
13,2017-08-06 16:00:00,57,57,0
13,2017-08-06 18:00:00,38,48,10
13,2017-08-06 20:00:00,23,10,-13
13,2017-08-06 22:00:00,22,9,-13
13,2017-08-07 00:00:00,3,1,-2
13,2017-08-07 02:00:00,0,1,1
13,2017-08-07 04:00:00,3,0,-3
13,2017-08-07 06:00:00,19,7,-12
13,2017-08-07 08:00:00,64,17,-47
13,2017-08-07 10:00:00,15,5,-10
13,2017-08-07 12:00:00,15,11,-4
13,2017-08-07 14:00:00,6,19,13
13,2017-08-07 16:00:00,16,61,45
13,2017-08-07 18:00:00,23,67,44
13,2017-08-07 20:00:00,17,20,3
13,2017-08-07 22:00:00,54,7,-47
13,2017-08-08 00:00:00,3,5,2
13,2017-08-08 02:00:00,0,1,1
13,2017-08-08 04:00:00,5,1,-4
13,2017-08-08 06:00:00,24,6,-18
13,2017-08-08 08:00:00,42,12,-30
13,2017-08-08 10:00:00,11,7,-4
13,2017-08-08 12:00:00,10,19,9
13,2017-08-08 14:00:00,10,7,-3
13,2017-08-08 16:00:00,12,53,41
13,2017-08-08 18:00:00,22,57,35
13,2017-08-08 20:00:00,14,21,7
13,2017-08-08 22:00:00,28,20,-8
13,2017-08-09 00:00:00,2,3,1
13,2017-08-09 02:00:00,2,2,0
13,2017-08-09 04:00:00,3,0,-3
13,2017-08-09 06:00:00,19,4,-15
13,2017-08-09 08:00:00,23,3,-20
13,2017-08-09 10:00:00,2,1,-1
13,2017-08-09 12:00:00,3,2,-1
13,2017-08-09 14:00:00,0,3,3
13,2017-08-09 16:00:00,2,8,6
13,2017-08-09 18:00:00,4,14,10
13,2017-08-09 20:00:00,4,5,1
13,2017-08-09 22:00:00,9,4,-5
13,2017-08-10 00:00:00,0,1,1
13,2017-08-10 02:00:00,0,0,0
13,2017-08-10 04:00:00,3,1,-2
13,2017-08-10 06:00:00,26,7,-19
13,2017-08-10 08:00:00,47,10,-37
13,2017-08-10 10:00:00,3,13,10
13,2017-08-10 12:00:00,9,11,2
13,2017-08-10 14:00:00,14,14,0
13,2017-08-10 16:00:00,15,38,23
13,2017-08-10 18:00:00,19,66,47
13,2017-08-10 20:00:00,14,25,11
13,2017-08-10 22:00:00,21,12,-9
13,2017-08-11 00:00:00,8,3,-5
13,2017-08-11 02:00:00,0,3,3
13,2017-08-11 04:00:00,2,1,-1
13,2017-08-11 06:00:00,13,6,-7
13,2017-08-11 08:00:00,44,15,-29
13,2017-08-11 10:00:00,19,17,-2
13,2017-08-11 12:00:00,28,15,-13
13,2017-08-11 14:00:00,17,16,-1
13,2017-08-11 16:00:00,24,61,37
13,2017-08-11 18:00:00,10,39,29
13,2017-08-11 20:00:00,13,16,3
13,2017-08-11 22:00:00,23,8,-15
13,2017-08-12 00:00:00,5,2,-3
13,2017-08-12 02:00:00,0,8,8
13,2017-08-12 04:00:00,2,5,3
13,2017-08-12 06:00:00,2,2,0
13,2017-08-12 08:00:00,10,28,18
13,2017-08-12 10:00:00,24,30,6
13,2017-08-12 12:00:00,53,37,-16
13,2017-08-12 14:00:00,71,52,-19
13,2017-08-12 16:00:00,36,54,18
13,2017-08-12 18:00:00,47,39,-8
13,2017-08-12 20:00:00,20,22,2
13,2017-08-12 22:00:00,18,7,-11
13,2017-08-13 00:00:00,12,6,-6
13,2017-08-13 02:00:00,3,1,-2
13,2017-08-13 04:00:00,0,3,3
13,2017-08-13 06:00:00,1,2,1
13,2017-08-13 08:00:00,10,11,1
13,2017-08-13 10:00:00,50,29,-21
13,2017-08-13 12:00:00,59,65,6
13,2017-08-13 14:00:00,68,66,-2
13,2017-08-13 16:00:00,57,86,29
13,2017-08-13 18:00:00,37,53,16
13,2017-08-13 20:00:00,25,9,-16
13,2017-08-13 22:00:00,24,5,-19
13,2017-08-14 00:00:00,6,1,-5
13,2017-08-14 02:00:00,0,2,2
13,2017-08-14 04:00:00,1,4,3
13,2017-08-14 06:00:00,29,5,-24
13,2017-08-14 08:00:00,56,10,-46
13,2017-08-14 10:00:00,14,13,-1
13,2017-08-14 12:00:00,19,10,-9
13,2017-08-14 14:00:00,17,15,-2
13,2017-08-14 16:00:00,23,32,9
13,2017-08-14 18:00:00,25,67,42
13,2017-08-14 20:00:00,24,35,11
13,2017-08-14 22:00:00,3,9,6
13,2017-08-15 00:00:00,2,5,3
13,2017-08-15 02:00:00,0,0,0
13,2017-08-15 04:00:00,2,1,-1
13,2017-08-15 06:00:00,22,11,-11
13,2017-08-15 08:00:00,54,10,-44
13,2017-08-15 10:00:00,14,10,-4
13,2017-08-15 12:00:00,18,17,-1
13,2017-08-15 14:00:00,10,10,0
13,2017-08-15 16:00:00,13,29,16
13,2017-08-15 18:00:00,32,78,46
13,2017-08-15 20:00:00,36,28,-8
13,2017-08-15 22:00:00,7,12,5
13,2017-08-16 00:00:00,4,2,-2
13,2017-08-16 02:00:00,0,0,0
13,2017-08-16 04:00:00,3,2,-1
13,2017-08-16 06:00:00,27,11,-16
13,2017-08-16 08:00:00,37,8,-29
13,2017-08-16 10:00:00,14,12,-2
13,2017-08-16 12:00:00,14,17,3
13,2017-08-16 14:00:00,18,15,-3
13,2017-08-16 16:00:00,20,28,8
13,2017-08-16 18:00:00,28,72,44
13,2017-08-16 20:00:00,16,34,18
13,2017-08-16 22:00:00,5,7,2
13,2017-08-17 00:00:00,1,3,2
13,2017-08-17 02:00:00,1,1,0
13,2017-08-17 04:00:00,3,2,-1
13,2017-08-17 06:00:00,15,5,-10
13,2017-08-17 08:00:00,47,10,-37
13,2017-08-17 10:00:00,8,3,-5
13,2017-08-17 12:00:00,4,14,10
13,2017-08-17 14:00:00,11,14,3
13,2017-08-17 16:00:00,17,29,12
13,2017-08-17 18:00:00,30,62,32
13,2017-08-17 20:00:00,17,28,11
13,2017-08-17 22:00:00,9,11,2
13,2017-08-18 00:00:00,0,1,1
13,2017-08-18 02:00:00,1,3,2
13,2017-08-18 04:00:00,2,0,-2
13,2017-08-18 06:00:00,17,4,-13
13,2017-08-18 08:00:00,47,14,-33
13,2017-08-18 10:00:00,18,11,-7
13,2017-08-18 12:00:00,10,6,-4
13,2017-08-18 14:00:00,10,9,-1
13,2017-08-18 16:00:00,9,14,5
13,2017-08-18 18:00:00,24,42,18
13,2017-08-18 20:00:00,17,17,0
13,2017-08-18 22:00:00,10,9,-1
13,2017-08-19 00:00:00,4,4,0
13,2017-08-19 02:00:00,0,12,12
13,2017-08-19 04:00:00,3,2,-1
13,2017-08-19 06:00:00,2,1,-1
13,2017-08-19 08:00:00,15,10,-5
13,2017-08-19 10:00:00,27,32,5
13,2017-08-19 12:00:00,43,37,-6
13,2017-08-19 14:00:00,33,48,15
13,2017-08-19 16:00:00,50,38,-12
13,2017-08-19 18:00:00,25,38,13
13,2017-08-19 20:00:00,26,26,0
13,2017-08-19 22:00:00,11,11,0
13,2017-08-20 00:00:00,3,11,8
13,2017-08-20 02:00:00,5,1,-4
13,2017-08-20 04:00:00,1,0,-1
13,2017-08-20 06:00:00,2,2,0
13,2017-08-20 08:00:00,9,6,-3
13,2017-08-20 10:00:00,36,31,-5
13,2017-08-20 12:00:00,43,55,12
13,2017-08-20 14:00:00,28,45,17
13,2017-08-20 16:00:00,54,43,-11
13,2017-08-20 18:00:00,18,12,-6
13,2017-08-20 20:00:00,9,11,2
13,2017-08-20 22:00:00,5,3,-2
13,2017-08-21 00:00:00,3,2,-1
13,2017-08-21 02:00:00,0,1,1
13,2017-08-21 04:00:00,1,0,-1
13,2017-08-21 06:00:00,7,5,-2
13,2017-08-21 08:00:00,35,6,-29
13,2017-08-21 10:00:00,4,8,4
13,2017-08-21 12:00:00,8,12,4
13,2017-08-21 14:00:00,5,4,-1
13,2017-08-21 16:00:00,25,28,3
13,2017-08-21 18:00:00,18,59,41
13,2017-08-21 20:00:00,12,17,5
13,2017-08-21 22:00:00,8,5,-3
13,2017-08-22 00:00:00,4,2,-2
13,2017-08-22 02:00:00,0,6,6
13,2017-08-22 04:00:00,1,1,0
13,2017-08-22 06:00:00,19,4,-15
13,2017-08-22 08:00:00,52,9,-43
13,2017-08-22 10:00:00,4,5,1
13,2017-08-22 12:00:00,15,8,-7
13,2017-08-22 14:00:00,7,20,13
13,2017-08-22 16:00:00,29,31,2
13,2017-08-22 18:00:00,19,80,61
13,2017-08-22 20:00:00,13,24,11
13,2017-08-22 22:00:00,3,3,0
13,2017-08-23 00:00:00,1,1,0
13,2017-08-23 02:00:00,0,1,1
13,2017-08-23 04:00:00,3,1,-2
13,2017-08-23 06:00:00,20,6,-14
13,2017-08-23 08:00:00,56,8,-48
13,2017-08-23 10:00:00,16,15,-1
13,2017-08-23 12:00:00,14,7,-7
13,2017-08-23 14:00:00,14,13,-1
13,2017-08-23 16:00:00,12,29,17
13,2017-08-23 18:00:00,17,65,48
13,2017-08-23 20:00:00,21,19,-2
13,2017-08-23 22:00:00,4,7,3
13,2017-08-24 00:00:00,1,2,1
13,2017-08-24 02:00:00,0,2,2
13,2017-08-24 04:00:00,3,0,-3
13,2017-08-24 06:00:00,17,5,-12
13,2017-08-24 08:00:00,50,6,-44
13,2017-08-24 10:00:00,13,5,-8
13,2017-08-24 12:00:00,19,11,-8
13,2017-08-24 14:00:00,16,14,-2
13,2017-08-24 16:00:00,17,33,16
13,2017-08-24 18:00:00,26,60,34
13,2017-08-24 20:00:00,16,23,7
13,2017-08-24 22:00:00,8,15,7
13,2017-08-25 00:00:00,4,7,3
13,2017-08-25 02:00:00,2,2,0
13,2017-08-25 04:00:00,2,0,-2
13,2017-08-25 06:00:00,13,7,-6
13,2017-08-25 08:00:00,42,8,-34
13,2017-08-25 10:00:00,9,14,5
13,2017-08-25 12:00:00,12,16,4
13,2017-08-25 14:00:00,10,16,6
13,2017-08-25 16:00:00,25,29,4
13,2017-08-25 18:00:00,11,37,26
13,2017-08-25 20:00:00,17,26,9
13,2017-08-25 22:00:00,14,14,0
13,2017-08-26 00:00:00,8,5,-3
13,2017-08-26 02:00:00,0,5,5
13,2017-08-26 04:00:00,1,1,0
13,2017-08-26 06:00:00,8,5,-3
13,2017-08-26 08:00:00,11,10,-1
13,2017-08-26 10:00:00,32,19,-13
13,2017-08-26 12:00:00,31,35,4
13,2017-08-26 14:00:00,50,58,8
13,2017-08-26 16:00:00,60,55,-5
13,2017-08-26 18:00:00,43,39,-4
13,2017-08-26 20:00:00,11,15,4
13,2017-08-26 22:00:00,16,11,-5
13,2017-08-27 00:00:00,4,13,9
13,2017-08-27 02:00:00,12,2,-10
13,2017-08-27 04:00:00,3,2,-1
13,2017-08-27 06:00:00,3,4,1
13,2017-08-27 08:00:00,9,11,2
13,2017-08-27 10:00:00,37,23,-14
13,2017-08-27 12:00:00,61,46,-15
13,2017-08-27 14:00:00,40,45,5
13,2017-08-27 16:00:00,56,62,6
13,2017-08-27 18:00:00,63,45,-18
13,2017-08-27 20:00:00,23,29,6
13,2017-08-27 22:00:00,16,9,-7
13,2017-08-28 00:00:00,12,11,-1
13,2017-08-28 02:00:00,3,7,4
13,2017-08-28 04:00:00,4,2,-2
13,2017-08-28 06:00:00,8,2,-6
13,2017-08-28 08:00:00,13,12,-1
13,2017-08-28 10:00:00,44,30,-14
13,2017-08-28 12:00:00,41,68,27
13,2017-08-28 14:00:00,48,69,21
13,2017-08-28 16:00:00,98,72,-26
13,2017-08-28 18:00:00,44,42,-2
13,2017-08-28 20:00:00,14,33,19
13,2017-08-28 22:00:00,7,10,3
13,2017-08-29 00:00:00,6,3,-3
13,2017-08-29 02:00:00,0,1,1
13,2017-08-29 04:00:00,2,4,2
13,2017-08-29 06:00:00,25,5,-20
13,2017-08-29 08:00:00,41,12,-29
13,2017-08-29 10:00:00,10,14,4
13,2017-08-29 12:00:00,26,21,-5
13,2017-08-29 14:00:00,21,17,-4
13,2017-08-29 16:00:00,22,37,15
13,2017-08-29 18:00:00,21,75,54
13,2017-08-29 20:00:00,20,17,-3
13,2017-08-29 22:00:00,5,8,3
13,2017-08-30 00:00:00,1,1,0
13,2017-08-30 02:00:00,0,2,2
13,2017-08-30 04:00:00,3,0,-3
13,2017-08-30 06:00:00,26,5,-21
13,2017-08-30 08:00:00,34,15,-19
13,2017-08-30 10:00:00,15,9,-6
13,2017-08-30 12:00:00,1,4,3
13,2017-08-30 14:00:00,1,2,1
13,2017-08-30 16:00:00,9,12,3
13,2017-08-30 18:00:00,10,33,23
13,2017-08-30 20:00:00,9,14,5
13,2017-08-30 22:00:00,7,8,1
13,2017-08-31 00:00:00,1,1,0
13,2017-08-31 02:00:00,0,2,2
13,2017-08-31 04:00:00,2,0,-2
13,2017-08-31 06:00:00,17,10,-7
13,2017-08-31 08:00:00,38,8,-30
13,2017-08-31 10:00:00,15,9,-6
13,2017-08-31 12:00:00,15,13,-2
13,2017-08-31 14:00:00,13,27,14
13,2017-08-31 16:00:00,20,25,5
13,2017-08-31 18:00:00,22,55,33
13,2017-08-31 20:00:00,18,19,1
13,2017-08-31 22:00:00,7,17,10
13,2017-09-01 00:00:00,1,3,2
13,2017-09-01 02:00:00,0,2,2
13,2017-09-01 04:00:00,1,3,2
13,2017-09-01 06:00:00,20,6,-14
13,2017-09-01 08:00:00,39,10,-29
13,2017-09-01 10:00:00,11,15,4
13,2017-09-01 12:00:00,12,28,16
13,2017-09-01 14:00:00,28,27,-1
13,2017-09-01 16:00:00,31,29,-2
13,2017-09-01 18:00:00,20,42,22
13,2017-09-01 20:00:00,12,19,7
13,2017-09-01 22:00:00,4,6,2
13,2017-09-02 00:00:00,2,8,6
13,2017-09-02 02:00:00,0,11,11
13,2017-09-02 04:00:00,2,5,3
13,2017-09-02 06:00:00,4,4,0
13,2017-09-02 08:00:00,17,19,2
13,2017-09-02 10:00:00,24,26,2
13,2017-09-02 12:00:00,64,47,-17
13,2017-09-02 14:00:00,62,80,18
13,2017-09-02 16:00:00,74,71,-3
13,2017-09-02 18:00:00,72,47,-25
13,2017-09-02 20:00:00,18,34,16
13,2017-09-02 22:00:00,12,13,1
13,2017-09-03 00:00:00,8,5,-3
13,2017-09-03 02:00:00,3,12,9
13,2017-09-03 04:00:00,0,1,1
13,2017-09-03 06:00:00,2,3,1
13,2017-09-03 08:00:00,14,15,1
13,2017-09-03 10:00:00,29,32,3
13,2017-09-03 12:00:00,60,47,-13
13,2017-09-03 14:00:00,36,52,16
13,2017-09-03 16:00:00,28,22,-6
13,2017-09-03 18:00:00,30,21,-9
13,2017-09-03 20:00:00,6,5,-1
13,2017-09-03 22:00:00,5,7,2
13,2017-09-04 00:00:00,2,1,-1
13,2017-09-04 02:00:00,0,1,1
13,2017-09-04 04:00:00,2,0,-2
13,2017-09-04 06:00:00,14,6,-8
13,2017-09-04 08:00:00,33,5,-28
13,2017-09-04 10:00:00,10,7,-3
13,2017-09-04 12:00:00,10,11,1
13,2017-09-04 14:00:00,20,9,-11
13,2017-09-04 16:00:00,17,27,10
13,2017-09-04 18:00:00,22,54,32
13,2017-09-04 20:00:00,11,27,16
13,2017-09-04 22:00:00,8,6,-2
13,2017-09-05 00:00:00,4,2,-2
13,2017-09-05 02:00:00,0,3,3
13,2017-09-05 04:00:00,2,2,0
13,2017-09-05 06:00:00,16,9,-7
13,2017-09-05 08:00:00,47,11,-36
13,2017-09-05 10:00:00,8,4,-4
13,2017-09-05 12:00:00,8,15,7
13,2017-09-05 14:00:00,15,12,-3
13,2017-09-05 16:00:00,21,18,-3
13,2017-09-05 18:00:00,16,50,34
13,2017-09-05 20:00:00,14,14,0
13,2017-09-05 22:00:00,4,13,9
13,2017-09-06 00:00:00,2,2,0
13,2017-09-06 02:00:00,0,3,3
13,2017-09-06 04:00:00,3,1,-2
13,2017-09-06 06:00:00,30,7,-23
13,2017-09-06 08:00:00,54,12,-42
13,2017-09-06 10:00:00,12,12,0
13,2017-09-06 12:00:00,12,6,-6
13,2017-09-06 14:00:00,11,15,4
13,2017-09-06 16:00:00,16,37,21
13,2017-09-06 18:00:00,17,75,58
13,2017-09-06 20:00:00,24,25,1
13,2017-09-06 22:00:00,6,9,3
13,2017-09-07 00:00:00,1,4,3
13,2017-09-07 02:00:00,0,2,2
13,2017-09-07 04:00:00,3,1,-2
13,2017-09-07 06:00:00,24,14,-10
13,2017-09-07 08:00:00,54,15,-39
13,2017-09-07 10:00:00,10,6,-4
13,2017-09-07 12:00:00,8,9,1
13,2017-09-07 14:00:00,15,10,-5
13,2017-09-07 16:00:00,26,43,17
13,2017-09-07 18:00:00,12,56,44
13,2017-09-07 20:00:00,14,11,-3
13,2017-09-07 22:00:00,7,9,2
13,2017-09-08 00:00:00,0,4,4
13,2017-09-08 02:00:00,0,4,4
13,2017-09-08 04:00:00,0,3,3
13,2017-09-08 06:00:00,15,6,-9
13,2017-09-08 08:00:00,11,5,-6
13,2017-09-08 10:00:00,6,4,-2
13,2017-09-08 12:00:00,6,1,-5
13,2017-09-08 14:00:00,7,8,1
13,2017-09-08 16:00:00,15,29,14
13,2017-09-08 18:00:00,10,24,14
13,2017-09-08 20:00:00,18,13,-5
13,2017-09-08 22:00:00,3,8,5
13,2017-09-09 00:00:00,1,5,4
13,2017-09-09 02:00:00,0,6,6
13,2017-09-09 04:00:00,1,4,3
13,2017-09-09 06:00:00,1,0,-1
13,2017-09-09 08:00:00,12,12,0
13,2017-09-09 10:00:00,27,19,-8
13,2017-09-09 12:00:00,43,43,0
13,2017-09-09 14:00:00,43,55,12
13,2017-09-09 16:00:00,29,40,11
13,2017-09-09 18:00:00,50,23,-27
13,2017-09-09 20:00:00,10,21,11
13,2017-09-09 22:00:00,6,8,2
13,2017-09-10 00:00:00,8,7,-1
13,2017-09-10 02:00:00,3,4,1
13,2017-09-10 04:00:00,3,1,-2
13,2017-09-10 06:00:00,2,0,-2
13,2017-09-10 08:00:00,6,11,5
13,2017-09-10 10:00:00,30,27,-3
13,2017-09-10 12:00:00,42,56,14
13,2017-09-10 14:00:00,55,36,-19
13,2017-09-10 16:00:00,29,40,11
13,2017-09-10 18:00:00,5,9,4
13,2017-09-10 20:00:00,2,3,1
13,2017-09-10 22:00:00,1,1,0
13,2017-09-11 00:00:00,0,6,6
13,2017-09-11 02:00:00,0,1,1
13,2017-09-11 04:00:00,0,0,0
13,2017-09-11 06:00:00,22,5,-17
13,2017-09-11 08:00:00,37,7,-30
13,2017-09-11 10:00:00,7,7,0
13,2017-09-11 12:00:00,5,6,1
13,2017-09-11 14:00:00,3,11,8
13,2017-09-11 16:00:00,7,24,17
13,2017-09-11 18:00:00,20,60,40
13,2017-09-11 20:00:00,6,8,2
13,2017-09-11 22:00:00,18,7,-11
13,2017-09-12 00:00:00,1,4,3
13,2017-09-12 02:00:00,1,0,-1
13,2017-09-12 04:00:00,1,1,0
13,2017-09-12 06:00:00,25,6,-19
13,2017-09-12 08:00:00,59,10,-49
13,2017-09-12 10:00:00,18,12,-6
13,2017-09-12 12:00:00,13,10,-3
13,2017-09-12 14:00:00,16,18,2
13,2017-09-12 16:00:00,19,37,18
13,2017-09-12 18:00:00,20,65,45
13,2017-09-12 20:00:00,10,7,-3
13,2017-09-12 22:00:00,1,2,1
13,2017-09-13 00:00:00,0,0,0
13,2017-09-13 02:00:00,0,2,2
13,2017-09-13 04:00:00,1,1,0
13,2017-09-13 06:00:00,23,6,-17
13,2017-09-13 08:00:00,53,16,-37
13,2017-09-13 10:00:00,9,5,-4
13,2017-09-13 12:00:00,8,12,4
13,2017-09-13 14:00:00,6,11,5
13,2017-09-13 16:00:00,14,27,13
13,2017-09-13 18:00:00,24,46,22
13,2017-09-13 20:00:00,14,15,1
13,2017-09-13 22:00:00,6,9,3
13,2017-09-14 00:00:00,3,3,0
13,2017-09-14 02:00:00,0,1,1
13,2017-09-14 04:00:00,4,0,-4
13,2017-09-14 06:00:00,25,8,-17
13,2017-09-14 08:00:00,52,11,-41
13,2017-09-14 10:00:00,10,2,-8
13,2017-09-14 12:00:00,12,9,-3
13,2017-09-14 14:00:00,11,10,-1
13,2017-09-14 16:00:00,12,24,12
13,2017-09-14 18:00:00,15,43,28
13,2017-09-14 20:00:00,9,9,0
13,2017-09-14 22:00:00,4,9,5
13,2017-09-15 00:00:00,1,8,7
13,2017-09-15 02:00:00,2,1,-1
13,2017-09-15 04:00:00,2,1,-1
13,2017-09-15 06:00:00,21,8,-13
13,2017-09-15 08:00:00,49,5,-44
13,2017-09-15 10:00:00,14,11,-3
13,2017-09-15 12:00:00,10,14,4
13,2017-09-15 14:00:00,14,19,5
13,2017-09-15 16:00:00,14,31,17
13,2017-09-15 18:00:00,10,25,15
13,2017-09-15 20:00:00,5,12,7
13,2017-09-15 22:00:00,5,8,3
13,2017-09-16 00:00:00,9,8,-1
13,2017-09-16 02:00:00,2,2,0
13,2017-09-16 04:00:00,4,1,-3
13,2017-09-16 06:00:00,3,1,-2
13,2017-09-16 08:00:00,12,11,-1
13,2017-09-16 10:00:00,30,28,-2
13,2017-09-16 12:00:00,33,39,6
13,2017-09-16 14:00:00,28,34,6
13,2017-09-16 16:00:00,46,31,-15
13,2017-09-16 18:00:00,24,25,1
13,2017-09-16 20:00:00,17,15,-2
13,2017-09-16 22:00:00,2,4,2
13,2017-09-17 00:00:00,1,12,11
13,2017-09-17 02:00:00,4,3,-1
13,2017-09-17 04:00:00,2,3,1
13,2017-09-17 06:00:00,3,6,3
13,2017-09-17 08:00:00,6,10,4
13,2017-09-17 10:00:00,30,12,-18
13,2017-09-17 12:00:00,42,48,6
13,2017-09-17 14:00:00,37,38,1
13,2017-09-17 16:00:00,45,48,3
13,2017-09-17 18:00:00,32,31,-1
13,2017-09-17 20:00:00,10,12,2
13,2017-09-17 22:00:00,0,0,0
13,2017-09-18 00:00:00,0,4,4
13,2017-09-18 02:00:00,0,1,1
13,2017-09-18 04:00:00,2,0,-2
13,2017-09-18 06:00:00,17,5,-12
13,2017-09-18 08:00:00,32,11,-21
13,2017-09-18 10:00:00,12,2,-10
13,2017-09-18 12:00:00,8,7,-1
13,2017-09-18 14:00:00,17,7,-10
13,2017-09-18 16:00:00,8,17,9
13,2017-09-18 18:00:00,18,59,41
13,2017-09-18 20:00:00,3,18,15
13,2017-09-18 22:00:00,5,7,2
13,2017-09-19 00:00:00,0,2,2
13,2017-09-19 02:00:00,0,1,1
13,2017-09-19 04:00:00,1,1,0
13,2017-09-19 06:00:00,26,7,-19
13,2017-09-19 08:00:00,44,9,-35
13,2017-09-19 10:00:00,14,7,-7
13,2017-09-19 12:00:00,6,7,1
13,2017-09-19 14:00:00,13,10,-3
13,2017-09-19 16:00:00,14,28,14
13,2017-09-19 18:00:00,18,72,54
13,2017-09-19 20:00:00,17,14,-3
13,2017-09-19 22:00:00,5,9,4
14,2017-08-01 00:00:00,7,19,12
14,2017-08-01 02:00:00,2,9,7
14,2017-08-01 04:00:00,13,2,-11
14,2017-08-01 06:00:00,211,61,-150
14,2017-08-01 08:00:00,335,168,-167
14,2017-08-01 10:00:00,79,65,-14
14,2017-08-01 12:00:00,70,59,-11
14,2017-08-01 14:00:00,62,74,12
14,2017-08-01 16:00:00,169,225,56
14,2017-08-01 18:00:00,196,328,132
14,2017-08-01 20:00:00,89,150,61
14,2017-08-01 22:00:00,51,72,21
14,2017-08-02 00:00:00,15,22,7
14,2017-08-02 02:00:00,3,6,3
14,2017-08-02 04:00:00,19,1,-18
14,2017-08-02 06:00:00,197,65,-132
14,2017-08-02 08:00:00,340,160,-180
14,2017-08-02 10:00:00,83,55,-28
14,2017-08-02 12:00:00,36,66,30
14,2017-08-02 14:00:00,28,19,-9
14,2017-08-02 16:00:00,75,111,36
14,2017-08-02 18:00:00,137,238,101
14,2017-08-02 20:00:00,59,122,63
14,2017-08-02 22:00:00,35,77,42
14,2017-08-03 00:00:00,8,20,12
14,2017-08-03 02:00:00,5,11,6
14,2017-08-03 04:00:00,15,4,-11
14,2017-08-03 06:00:00,180,49,-131
14,2017-08-03 08:00:00,347,154,-193
14,2017-08-03 10:00:00,63,63,0
14,2017-08-03 12:00:00,79,64,-15
14,2017-08-03 14:00:00,67,76,9
14,2017-08-03 16:00:00,156,165,9
14,2017-08-03 18:00:00,166,294,128
14,2017-08-03 20:00:00,87,120,33
14,2017-08-03 22:00:00,40,64,24
14,2017-08-04 00:00:00,18,42,24
14,2017-08-04 02:00:00,5,18,13
14,2017-08-04 04:00:00,26,4,-22
14,2017-08-04 06:00:00,153,49,-104
14,2017-08-04 08:00:00,332,165,-167
14,2017-08-04 10:00:00,95,59,-36
14,2017-08-04 12:00:00,59,69,10
14,2017-08-04 14:00:00,89,81,-8
14,2017-08-04 16:00:00,161,202,41
14,2017-08-04 18:00:00,141,225,84
14,2017-08-04 20:00:00,87,97,10
14,2017-08-04 22:00:00,55,87,32
14,2017-08-05 00:00:00,41,74,33
14,2017-08-05 02:00:00,16,44,28
14,2017-08-05 04:00:00,8,24,16
14,2017-08-05 06:00:00,18,12,-6
14,2017-08-05 08:00:00,84,48,-36
14,2017-08-05 10:00:00,159,90,-69
14,2017-08-05 12:00:00,101,116,15
14,2017-08-05 14:00:00,136,140,4
14,2017-08-05 16:00:00,157,114,-43
14,2017-08-05 18:00:00,125,149,24
14,2017-08-05 20:00:00,95,119,24
14,2017-08-05 22:00:00,81,90,9
14,2017-08-06 00:00:00,46,49,3
14,2017-08-06 02:00:00,19,46,27
14,2017-08-06 04:00:00,11,12,1
14,2017-08-06 06:00:00,18,13,-5
14,2017-08-06 08:00:00,68,27,-41
14,2017-08-06 10:00:00,159,102,-57
14,2017-08-06 12:00:00,210,144,-66
14,2017-08-06 14:00:00,198,155,-43
14,2017-08-06 16:00:00,195,198,3
14,2017-08-06 18:00:00,146,176,30
14,2017-08-06 20:00:00,59,99,40
14,2017-08-06 22:00:00,39,74,35
14,2017-08-07 00:00:00,6,18,12
14,2017-08-07 02:00:00,5,10,5
14,2017-08-07 04:00:00,20,3,-17
14,2017-08-07 06:00:00,150,39,-111
14,2017-08-07 08:00:00,297,146,-151
14,2017-08-07 10:00:00,87,51,-36
14,2017-08-07 12:00:00,79,78,-1
14,2017-08-07 14:00:00,78,68,-10
14,2017-08-07 16:00:00,165,201,36
14,2017-08-07 18:00:00,204,333,129
14,2017-08-07 20:00:00,64,95,31
14,2017-08-07 22:00:00,32,63,31
14,2017-08-08 00:00:00,8,19,11
14,2017-08-08 02:00:00,3,6,3
14,2017-08-08 04:00:00,23,4,-19
14,2017-08-08 06:00:00,152,49,-103
14,2017-08-08 08:00:00,337,163,-174
14,2017-08-08 10:00:00,83,63,-20
14,2017-08-08 12:00:00,106,74,-32
14,2017-08-08 14:00:00,80,118,38
14,2017-08-08 16:00:00,141,189,48
14,2017-08-08 18:00:00,150,287,137
14,2017-08-08 20:00:00,70,114,44
14,2017-08-08 22:00:00,27,68,41
14,2017-08-09 00:00:00,22,25,3
14,2017-08-09 02:00:00,6,12,6
14,2017-08-09 04:00:00,21,5,-16
14,2017-08-09 06:00:00,144,47,-97
14,2017-08-09 08:00:00,150,82,-68
14,2017-08-09 10:00:00,24,21,-3
14,2017-08-09 12:00:00,14,21,7
14,2017-08-09 14:00:00,19,19,0
14,2017-08-09 16:00:00,30,37,7
14,2017-08-09 18:00:00,44,76,32
14,2017-08-09 20:00:00,17,27,10
14,2017-08-09 22:00:00,13,31,18
14,2017-08-10 00:00:00,11,19,8
14,2017-08-10 02:00:00,1,11,10
14,2017-08-10 04:00:00,15,2,-13
14,2017-08-10 06:00:00,150,43,-107
14,2017-08-10 08:00:00,351,152,-199
14,2017-08-10 10:00:00,82,45,-37
14,2017-08-10 12:00:00,73,55,-18
14,2017-08-10 14:00:00,62,75,13
14,2017-08-10 16:00:00,133,160,27
14,2017-08-10 18:00:00,181,312,131
14,2017-08-10 20:00:00,63,156,93
14,2017-08-10 22:00:00,48,77,29
14,2017-08-11 00:00:00,9,43,34
14,2017-08-11 02:00:00,4,15,11
14,2017-08-11 04:00:00,11,2,-9
14,2017-08-11 06:00:00,152,33,-119
14,2017-08-11 08:00:00,332,161,-171
14,2017-08-11 10:00:00,99,71,-28
14,2017-08-11 12:00:00,89,90,1
14,2017-08-11 14:00:00,101,106,5
14,2017-08-11 16:00:00,148,193,45
14,2017-08-11 18:00:00,137,203,66
14,2017-08-11 20:00:00,76,101,25
14,2017-08-11 22:00:00,46,77,31
14,2017-08-12 00:00:00,36,53,17
14,2017-08-12 02:00:00,6,41,35
14,2017-08-12 04:00:00,6,13,7
14,2017-08-12 06:00:00,16,14,-2
14,2017-08-12 08:00:00,100,40,-60
14,2017-08-12 10:00:00,171,95,-76
14,2017-08-12 12:00:00,153,147,-6
14,2017-08-12 14:00:00,182,160,-22
14,2017-08-12 16:00:00,174,165,-9
14,2017-08-12 18:00:00,163,144,-19
14,2017-08-12 20:00:00,84,111,27
14,2017-08-12 22:00:00,50,87,37
14,2017-08-13 00:00:00,31,65,34
14,2017-08-13 02:00:00,17,40,23
14,2017-08-13 04:00:00,9,18,9
14,2017-08-13 06:00:00,13,7,-6
14,2017-08-13 08:00:00,79,20,-59
14,2017-08-13 10:00:00,169,97,-72
14,2017-08-13 12:00:00,225,140,-85
14,2017-08-13 14:00:00,197,175,-22
14,2017-08-13 16:00:00,171,163,-8
14,2017-08-13 18:00:00,137,197,60
14,2017-08-13 20:00:00,71,132,61
14,2017-08-13 22:00:00,30,74,44
14,2017-08-14 00:00:00,15,25,10
14,2017-08-14 02:00:00,1,12,11
14,2017-08-14 04:00:00,12,7,-5
14,2017-08-14 06:00:00,151,38,-113
14,2017-08-14 08:00:00,365,149,-216
14,2017-08-14 10:00:00,91,50,-41
14,2017-08-14 12:00:00,86,71,-15
14,2017-08-14 14:00:00,77,81,4
14,2017-08-14 16:00:00,140,190,50
14,2017-08-14 18:00:00,166,337,171
14,2017-08-14 20:00:00,87,121,34
14,2017-08-14 22:00:00,37,59,22
14,2017-08-15 00:00:00,22,27,5
14,2017-08-15 02:00:00,4,8,4
14,2017-08-15 04:00:00,10,4,-6
14,2017-08-15 06:00:00,183,48,-135
14,2017-08-15 08:00:00,367,152,-215
14,2017-08-15 10:00:00,75,58,-17
14,2017-08-15 12:00:00,68,69,1
14,2017-08-15 14:00:00,56,75,19
14,2017-08-15 16:00:00,168,205,37
14,2017-08-15 18:00:00,204,349,145
14,2017-08-15 20:00:00,99,146,47
14,2017-08-15 22:00:00,41,73,32
14,2017-08-16 00:00:00,13,18,5
14,2017-08-16 02:00:00,5,9,4
14,2017-08-16 04:00:00,20,3,-17
14,2017-08-16 06:00:00,182,43,-139
14,2017-08-16 08:00:00,345,143,-202
14,2017-08-16 10:00:00,95,55,-40
14,2017-08-16 12:00:00,71,53,-18
14,2017-08-16 14:00:00,61,70,9
14,2017-08-16 16:00:00,143,207,64
14,2017-08-16 18:00:00,208,340,132
14,2017-08-16 20:00:00,88,162,74
14,2017-08-16 22:00:00,45,74,29
14,2017-08-17 00:00:00,27,26,-1
14,2017-08-17 02:00:00,2,3,1
14,2017-08-17 04:00:00,15,1,-14
14,2017-08-17 06:00:00,131,27,-104
14,2017-08-17 08:00:00,296,123,-173
14,2017-08-17 10:00:00,68,56,-12
14,2017-08-17 12:00:00,75,51,-24
14,2017-08-17 14:00:00,75,81,6
14,2017-08-17 16:00:00,148,168,20
14,2017-08-17 18:00:00,160,275,115
14,2017-08-17 20:00:00,75,116,41
14,2017-08-17 22:00:00,40,74,34
14,2017-08-18 00:00:00,12,24,12
14,2017-08-18 02:00:00,7,8,1
14,2017-08-18 04:00:00,13,6,-7
14,2017-08-18 06:00:00,136,28,-108
14,2017-08-18 08:00:00,310,134,-176
14,2017-08-18 10:00:00,84,49,-35
14,2017-08-18 12:00:00,80,69,-11
14,2017-08-18 14:00:00,46,72,26
14,2017-08-18 16:00:00,116,144,28
14,2017-08-18 18:00:00,143,222,79
14,2017-08-18 20:00:00,58,89,31
14,2017-08-18 22:00:00,39,65,26
14,2017-08-19 00:00:00,24,50,26
14,2017-08-19 02:00:00,16,24,8
14,2017-08-19 04:00:00,4,17,13
14,2017-08-19 06:00:00,24,6,-18
14,2017-08-19 08:00:00,89,51,-38
14,2017-08-19 10:00:00,160,112,-48
14,2017-08-19 12:00:00,170,103,-67
14,2017-08-19 14:00:00,145,121,-24
14,2017-08-19 16:00:00,114,140,26
14,2017-08-19 18:00:00,101,153,52
14,2017-08-19 20:00:00,59,92,33
14,2017-08-19 22:00:00,40,69,29
14,2017-08-20 00:00:00,16,57,41
14,2017-08-20 02:00:00,16,41,25
14,2017-08-20 04:00:00,7,11,4
14,2017-08-20 06:00:00,13,11,-2
14,2017-08-20 08:00:00,58,32,-26
14,2017-08-20 10:00:00,169,78,-91
14,2017-08-20 12:00:00,194,151,-43
14,2017-08-20 14:00:00,182,171,-11
14,2017-08-20 16:00:00,134,166,32
14,2017-08-20 18:00:00,56,110,54
14,2017-08-20 20:00:00,29,63,34
14,2017-08-20 22:00:00,17,23,6
14,2017-08-21 00:00:00,5,11,6
14,2017-08-21 02:00:00,2,1,-1
14,2017-08-21 04:00:00,13,0,-13
14,2017-08-21 06:00:00,113,27,-86
14,2017-08-21 08:00:00,235,110,-125
14,2017-08-21 10:00:00,68,41,-27
14,2017-08-21 12:00:00,76,67,-9
14,2017-08-21 14:00:00,63,63,0
14,2017-08-21 16:00:00,125,189,64
14,2017-08-21 18:00:00,148,261,113
14,2017-08-21 20:00:00,57,81,24
14,2017-08-21 22:00:00,23,43,20
14,2017-08-22 00:00:00,18,21,3
14,2017-08-22 02:00:00,6,5,-1
14,2017-08-22 04:00:00,12,0,-12
14,2017-08-22 06:00:00,169,34,-135
14,2017-08-22 08:00:00,364,158,-206
14,2017-08-22 10:00:00,71,53,-18
14,2017-08-22 12:00:00,81,70,-11
14,2017-08-22 14:00:00,80,74,-6
14,2017-08-22 16:00:00,148,222,74
14,2017-08-22 18:00:00,169,281,112
14,2017-08-22 20:00:00,68,128,60
14,2017-08-22 22:00:00,25,47,22
14,2017-08-23 00:00:00,11,12,1
14,2017-08-23 02:00:00,5,6,1
14,2017-08-23 04:00:00,24,5,-19
14,2017-08-23 06:00:00,171,49,-122
14,2017-08-23 08:00:00,362,143,-219
14,2017-08-23 10:00:00,87,54,-33
14,2017-08-23 12:00:00,98,64,-34
14,2017-08-23 14:00:00,69,76,7
14,2017-08-23 16:00:00,149,197,48
14,2017-08-23 18:00:00,171,275,104
14,2017-08-23 20:00:00,63,131,68
14,2017-08-23 22:00:00,33,61,28
14,2017-08-24 00:00:00,10,24,14
14,2017-08-24 02:00:00,6,3,-3
14,2017-08-24 04:00:00,13,2,-11
14,2017-08-24 06:00:00,173,45,-128
14,2017-08-24 08:00:00,351,137,-214
14,2017-08-24 10:00:00,78,46,-32
14,2017-08-24 12:00:00,76,73,-3
14,2017-08-24 14:00:00,64,86,22
14,2017-08-24 16:00:00,125,160,35
14,2017-08-24 18:00:00,149,296,147
14,2017-08-24 20:00:00,68,121,53
14,2017-08-24 22:00:00,45,84,39
14,2017-08-25 00:00:00,21,29,8
14,2017-08-25 02:00:00,11,13,2
14,2017-08-25 04:00:00,8,3,-5
14,2017-08-25 06:00:00,153,26,-127
14,2017-08-25 08:00:00,302,112,-190
14,2017-08-25 10:00:00,94,52,-42
14,2017-08-25 12:00:00,100,97,-3
14,2017-08-25 14:00:00,100,99,-1
14,2017-08-25 16:00:00,156,197,41
14,2017-08-25 18:00:00,130,256,126
14,2017-08-25 20:00:00,79,93,14
14,2017-08-25 22:00:00,63,112,49
14,2017-08-26 00:00:00,21,70,49
14,2017-08-26 02:00:00,16,36,20
14,2017-08-26 04:00:00,15,16,1
14,2017-08-26 06:00:00,24,15,-9
14,2017-08-26 08:00:00,79,42,-37
14,2017-08-26 10:00:00,170,76,-94
14,2017-08-26 12:00:00,174,123,-51
14,2017-08-26 14:00:00,174,132,-42
14,2017-08-26 16:00:00,146,167,21
14,2017-08-26 18:00:00,100,149,49
14,2017-08-26 20:00:00,62,85,23
14,2017-08-26 22:00:00,64,67,3
14,2017-08-27 00:00:00,35,56,21
14,2017-08-27 02:00:00,16,46,30
14,2017-08-27 04:00:00,21,21,0
14,2017-08-27 06:00:00,32,29,-3
14,2017-08-27 08:00:00,64,24,-40
14,2017-08-27 10:00:00,111,68,-43
14,2017-08-27 12:00:00,194,123,-71
14,2017-08-27 14:00:00,188,135,-53
14,2017-08-27 16:00:00,127,153,26
14,2017-08-27 18:00:00,121,172,51
14,2017-08-27 20:00:00,82,130,48
14,2017-08-27 22:00:00,43,68,25
14,2017-08-28 00:00:00,28,61,33
14,2017-08-28 02:00:00,17,27,10
14,2017-08-28 04:00:00,18,15,-3
14,2017-08-28 06:00:00,34,16,-18
14,2017-08-28 08:00:00,71,29,-42
14,2017-08-28 10:00:00,134,68,-66
14,2017-08-28 12:00:00,200,125,-75
14,2017-08-28 14:00:00,156,173,17
14,2017-08-28 16:00:00,174,184,10
14,2017-08-28 18:00:00,154,195,41
14,2017-08-28 20:00:00,66,112,46
14,2017-08-28 22:00:00,38,56,18
14,2017-08-29 00:00:00,10,22,12
14,2017-08-29 02:00:00,7,10,3
14,2017-08-29 04:00:00,25,11,-14
14,2017-08-29 06:00:00,183,36,-147
14,2017-08-29 08:00:00,329,121,-208
14,2017-08-29 10:00:00,77,70,-7
14,2017-08-29 12:00:00,81,64,-17
14,2017-08-29 14:00:00,75,101,26
14,2017-08-29 16:00:00,144,223,79
14,2017-08-29 18:00:00,189,311,122
14,2017-08-29 20:00:00,78,124,46
14,2017-08-29 22:00:00,33,70,37
14,2017-08-30 00:00:00,8,21,13
14,2017-08-30 02:00:00,3,1,-2
14,2017-08-30 04:00:00,18,1,-17
14,2017-08-30 06:00:00,159,50,-109
14,2017-08-30 08:00:00,311,141,-170
14,2017-08-30 10:00:00,58,51,-7
14,2017-08-30 12:00:00,24,27,3
14,2017-08-30 14:00:00,17,31,14
14,2017-08-30 16:00:00,69,98,29
14,2017-08-30 18:00:00,106,201,95
14,2017-08-30 20:00:00,56,105,49
14,2017-08-30 22:00:00,26,36,10
14,2017-08-31 00:00:00,9,10,1
14,2017-08-31 02:00:00,0,6,6
14,2017-08-31 04:00:00,14,3,-11
14,2017-08-31 06:00:00,179,43,-136
14,2017-08-31 08:00:00,349,137,-212
14,2017-08-31 10:00:00,76,53,-23
14,2017-08-31 12:00:00,73,62,-11
14,2017-08-31 14:00:00,89,71,-18
14,2017-08-31 16:00:00,131,185,54
14,2017-08-31 18:00:00,172,324,152
14,2017-08-31 20:00:00,62,164,102
14,2017-08-31 22:00:00,57,69,12
14,2017-09-01 00:00:00,18,39,21
14,2017-09-01 02:00:00,10,9,-1
14,2017-09-01 04:00:00,15,8,-7
14,2017-09-01 06:00:00,174,34,-140
14,2017-09-01 08:00:00,354,128,-226
14,2017-09-01 10:00:00,101,59,-42
14,2017-09-01 12:00:00,93,62,-31
14,2017-09-01 14:00:00,83,107,24
14,2017-09-01 16:00:00,172,181,9
14,2017-09-01 18:00:00,132,243,111
14,2017-09-01 20:00:00,69,119,50
14,2017-09-01 22:00:00,67,80,13
14,2017-09-02 00:00:00,31,73,42
14,2017-09-02 02:00:00,33,38,5
14,2017-09-02 04:00:00,16,11,-5
14,2017-09-02 06:00:00,25,9,-16
14,2017-09-02 08:00:00,93,42,-51
14,2017-09-02 10:00:00,197,118,-79
14,2017-09-02 12:00:00,218,154,-64
14,2017-09-02 14:00:00,227,195,-32
14,2017-09-02 16:00:00,187,203,16
14,2017-09-02 18:00:00,170,201,31
14,2017-09-02 20:00:00,104,106,2
14,2017-09-02 22:00:00,58,95,37
14,2017-09-03 00:00:00,45,73,28
14,2017-09-03 02:00:00,27,35,8
14,2017-09-03 04:00:00,8,27,19
14,2017-09-03 06:00:00,24,12,-12
14,2017-09-03 08:00:00,76,40,-36
14,2017-09-03 10:00:00,162,76,-86
14,2017-09-03 12:00:00,193,159,-34
14,2017-09-03 14:00:00,171,154,-17
14,2017-09-03 16:00:00,101,111,10
14,2017-09-03 18:00:00,73,92,19
14,2017-09-03 20:00:00,25,57,32
14,2017-09-03 22:00:00,10,22,12
14,2017-09-04 00:00:00,4,13,9
14,2017-09-04 02:00:00,1,1,0
14,2017-09-04 04:00:00,13,5,-8
14,2017-09-04 06:00:00,127,23,-104
14,2017-09-04 08:00:00,209,128,-81
14,2017-09-04 10:00:00,55,34,-21
14,2017-09-04 12:00:00,71,46,-25
14,2017-09-04 14:00:00,57,65,8
14,2017-09-04 16:00:00,136,170,34
14,2017-09-04 18:00:00,153,282,129
14,2017-09-04 20:00:00,71,105,34
14,2017-09-04 22:00:00,23,43,20
14,2017-09-05 00:00:00,13,20,7
14,2017-09-05 02:00:00,2,8,6
14,2017-09-05 04:00:00,18,4,-14
14,2017-09-05 06:00:00,154,39,-115
14,2017-09-05 08:00:00,327,152,-175
14,2017-09-05 10:00:00,66,51,-15
14,2017-09-05 12:00:00,64,66,2
14,2017-09-05 14:00:00,76,80,4
14,2017-09-05 16:00:00,110,143,33
14,2017-09-05 18:00:00,152,247,95
14,2017-09-05 20:00:00,60,94,34
14,2017-09-05 22:00:00,24,54,30
14,2017-09-06 00:00:00,12,19,7
14,2017-09-06 02:00:00,3,5,2
14,2017-09-06 04:00:00,20,3,-17
14,2017-09-06 06:00:00,190,53,-137
14,2017-09-06 08:00:00,345,159,-186
14,2017-09-06 10:00:00,88,54,-34
14,2017-09-06 12:00:00,72,89,17
14,2017-09-06 14:00:00,72,87,15
14,2017-09-06 16:00:00,127,171,44
14,2017-09-06 18:00:00,188,285,97
14,2017-09-06 20:00:00,66,136,70
14,2017-09-06 22:00:00,41,74,33
14,2017-09-07 00:00:00,8,19,11
14,2017-09-07 02:00:00,5,5,0
14,2017-09-07 04:00:00,17,3,-14
14,2017-09-07 06:00:00,176,47,-129
14,2017-09-07 08:00:00,352,179,-173
14,2017-09-07 10:00:00,90,67,-23
14,2017-09-07 12:00:00,75,74,-1
14,2017-09-07 14:00:00,75,85,10
14,2017-09-07 16:00:00,165,200,35
14,2017-09-07 18:00:00,165,240,75
14,2017-09-07 20:00:00,49,119,70
14,2017-09-07 22:00:00,44,75,31
14,2017-09-08 00:00:00,17,30,13
14,2017-09-08 02:00:00,4,11,7
14,2017-09-08 04:00:00,13,6,-7
14,2017-09-08 06:00:00,92,26,-66
14,2017-09-08 08:00:00,183,105,-78
14,2017-09-08 10:00:00,80,52,-28
14,2017-09-08 12:00:00,35,29,-6
14,2017-09-08 14:00:00,49,58,9
14,2017-09-08 16:00:00,145,176,31
14,2017-09-08 18:00:00,113,178,65
14,2017-09-08 20:00:00,64,90,26
14,2017-09-08 22:00:00,36,65,29
14,2017-09-09 00:00:00,22,50,28
14,2017-09-09 02:00:00,20,28,8
14,2017-09-09 04:00:00,12,3,-9
14,2017-09-09 06:00:00,22,10,-12
14,2017-09-09 08:00:00,95,48,-47
14,2017-09-09 10:00:00,152,109,-43
14,2017-09-09 12:00:00,181,144,-37
14,2017-09-09 14:00:00,150,132,-18
14,2017-09-09 16:00:00,127,121,-6
14,2017-09-09 18:00:00,111,138,27
14,2017-09-09 20:00:00,71,87,16
14,2017-09-09 22:00:00,34,52,18
14,2017-09-10 00:00:00,24,49,25
14,2017-09-10 02:00:00,22,38,16
14,2017-09-10 04:00:00,8,17,9
14,2017-09-10 06:00:00,20,6,-14
14,2017-09-10 08:00:00,69,32,-37
14,2017-09-10 10:00:00,150,82,-68
14,2017-09-10 12:00:00,174,120,-54
14,2017-09-10 14:00:00,137,153,16
14,2017-09-10 16:00:00,107,105,-2
14,2017-09-10 18:00:00,55,72,17
14,2017-09-10 20:00:00,21,41,20
14,2017-09-10 22:00:00,20,34,14
14,2017-09-11 00:00:00,9,16,7
14,2017-09-11 02:00:00,1,2,1
14,2017-09-11 04:00:00,15,4,-11
14,2017-09-11 06:00:00,156,36,-120
14,2017-09-11 08:00:00,258,141,-117
14,2017-09-11 10:00:00,67,52,-15
14,2017-09-11 12:00:00,54,56,2
14,2017-09-11 14:00:00,60,54,-6
14,2017-09-11 16:00:00,87,138,51
14,2017-09-11 18:00:00,158,270,112
14,2017-09-11 20:00:00,46,63,17
14,2017-09-11 22:00:00,18,51,33
14,2017-09-12 00:00:00,8,10,2
14,2017-09-12 02:00:00,1,4,3
14,2017-09-12 04:00:00,10,6,-4
14,2017-09-12 06:00:00,161,49,-112
14,2017-09-12 08:00:00,398,174,-224
14,2017-09-12 10:00:00,69,46,-23
14,2017-09-12 12:00:00,77,90,13
14,2017-09-12 14:00:00,62,83,21
14,2017-09-12 16:00:00,163,193,30
14,2017-09-12 18:00:00,175,287,112
14,2017-09-12 20:00:00,36,74,38
14,2017-09-12 22:00:00,5,17,12
14,2017-09-13 00:00:00,2,9,7
14,2017-09-13 02:00:00,1,5,4
14,2017-09-13 04:00:00,17,2,-15
14,2017-09-13 06:00:00,179,47,-132
14,2017-09-13 08:00:00,354,172,-182
14,2017-09-13 10:00:00,88,62,-26
14,2017-09-13 12:00:00,65,62,-3
14,2017-09-13 14:00:00,44,59,15
14,2017-09-13 16:00:00,143,201,58
14,2017-09-13 18:00:00,160,296,136
14,2017-09-13 20:00:00,57,115,58
14,2017-09-13 22:00:00,38,64,26
14,2017-09-14 00:00:00,18,21,3
14,2017-09-14 02:00:00,4,2,-2
14,2017-09-14 04:00:00,15,6,-9
14,2017-09-14 06:00:00,162,44,-118
14,2017-09-14 08:00:00,371,164,-207
14,2017-09-14 10:00:00,88,67,-21
14,2017-09-14 12:00:00,68,79,11
14,2017-09-14 14:00:00,83,72,-11
14,2017-09-14 16:00:00,141,198,57
14,2017-09-14 18:00:00,155,260,105
14,2017-09-14 20:00:00,65,109,44
14,2017-09-14 22:00:00,51,52,1
14,2017-09-15 00:00:00,11,45,34
14,2017-09-15 02:00:00,4,13,9
14,2017-09-15 04:00:00,13,1,-12
14,2017-09-15 06:00:00,142,32,-110
14,2017-09-15 08:00:00,361,149,-212
14,2017-09-15 10:00:00,81,65,-16
14,2017-09-15 12:00:00,90,98,8
14,2017-09-15 14:00:00,82,84,2
14,2017-09-15 16:00:00,133,163,30
14,2017-09-15 18:00:00,91,179,88
14,2017-09-15 20:00:00,50,64,14
14,2017-09-15 22:00:00,39,58,19
14,2017-09-16 00:00:00,33,56,23
14,2017-09-16 02:00:00,8,27,19
14,2017-09-16 04:00:00,10,14,4
14,2017-09-16 06:00:00,22,14,-8
14,2017-09-16 08:00:00,95,55,-40
14,2017-09-16 10:00:00,164,82,-82
14,2017-09-16 12:00:00,168,125,-43
14,2017-09-16 14:00:00,158,135,-23
14,2017-09-16 16:00:00,109,157,48
14,2017-09-16 18:00:00,107,129,22
14,2017-09-16 20:00:00,50,75,25
14,2017-09-16 22:00:00,45,61,16
14,2017-09-17 00:00:00,35,66,31
14,2017-09-17 02:00:00,19,23,4
14,2017-09-17 04:00:00,11,26,15
14,2017-09-17 06:00:00,22,10,-12
14,2017-09-17 08:00:00,55,25,-30
14,2017-09-17 10:00:00,165,79,-86
14,2017-09-17 12:00:00,152,105,-47
14,2017-09-17 14:00:00,165,142,-23
14,2017-09-17 16:00:00,128,164,36
14,2017-09-17 18:00:00,94,152,58
14,2017-09-17 20:00:00,51,53,2
14,2017-09-17 22:00:00,25,34,9
14,2017-09-18 00:00:00,6,20,14
14,2017-09-18 02:00:00,3,6,3
14,2017-09-18 04:00:00,11,3,-8
14,2017-09-18 06:00:00,146,28,-118
14,2017-09-18 08:00:00,355,157,-198
14,2017-09-18 10:00:00,62,49,-13
14,2017-09-18 12:00:00,73,58,-15
14,2017-09-18 14:00:00,52,70,18
14,2017-09-18 16:00:00,131,201,70
14,2017-09-18 18:00:00,156,293,137
14,2017-09-18 20:00:00,71,87,16
14,2017-09-18 22:00:00,19,27,8
14,2017-09-19 00:00:00,5,10,5
14,2017-09-19 02:00:00,5,3,-2
14,2017-09-19 04:00:00,14,2,-12
14,2017-09-19 06:00:00,167,41,-126
14,2017-09-19 08:00:00,368,179,-189
14,2017-09-19 10:00:00,76,63,-13
14,2017-09-19 12:00:00,58,69,11
14,2017-09-19 14:00:00,70,97,27
14,2017-09-19 16:00:00,150,186,36
14,2017-09-19 18:00:00,175,309,134
14,2017-09-19 20:00:00,71,98,27
14,2017-09-19 22:00:00,26,63,37
15,2017-08-01 00:00:00,6,6,0
15,2017-08-01 02:00:00,0,2,2
15,2017-08-01 04:00:00,11,2,-9
15,2017-08-01 06:00:00,160,46,-114
15,2017-08-01 08:00:00,304,136,-168
15,2017-08-01 10:00:00,72,54,-18
15,2017-08-01 12:00:00,88,84,-4
15,2017-08-01 14:00:00,75,93,18
15,2017-08-01 16:00:00,157,226,69
15,2017-08-01 18:00:00,169,264,95
15,2017-08-01 20:00:00,67,70,3
15,2017-08-01 22:00:00,24,23,-1
15,2017-08-02 00:00:00,10,3,-7
15,2017-08-02 02:00:00,5,3,-2
15,2017-08-02 04:00:00,16,3,-13
15,2017-08-02 06:00:00,156,41,-115
15,2017-08-02 08:00:00,273,140,-133
15,2017-08-02 10:00:00,63,46,-17
15,2017-08-02 12:00:00,26,26,0
15,2017-08-02 14:00:00,16,18,2
15,2017-08-02 16:00:00,73,119,46
15,2017-08-02 18:00:00,91,171,80
15,2017-08-02 20:00:00,24,52,28
15,2017-08-02 22:00:00,15,22,7
15,2017-08-03 00:00:00,2,3,1
15,2017-08-03 02:00:00,13,0,-13
15,2017-08-03 04:00:00,15,1,-14
15,2017-08-03 06:00:00,134,38,-96
15,2017-08-03 08:00:00,262,129,-133
15,2017-08-03 10:00:00,58,43,-15
15,2017-08-03 12:00:00,75,40,-35
15,2017-08-03 14:00:00,62,62,0
15,2017-08-03 16:00:00,170,182,12
15,2017-08-03 18:00:00,116,229,113
15,2017-08-03 20:00:00,65,85,20
15,2017-08-03 22:00:00,34,34,0
15,2017-08-04 00:00:00,20,11,-9
15,2017-08-04 02:00:00,1,2,1
15,2017-08-04 04:00:00,10,7,-3
15,2017-08-04 06:00:00,104,25,-79
15,2017-08-04 08:00:00,256,113,-143
15,2017-08-04 10:00:00,48,53,5
15,2017-08-04 12:00:00,72,88,16
15,2017-08-04 14:00:00,98,88,-10
15,2017-08-04 16:00:00,150,181,31
15,2017-08-04 18:00:00,125,191,66
15,2017-08-04 20:00:00,44,72,28
15,2017-08-04 22:00:00,41,42,1
15,2017-08-05 00:00:00,19,21,2
15,2017-08-05 02:00:00,22,10,-12
15,2017-08-05 04:00:00,9,4,-5
15,2017-08-05 06:00:00,10,5,-5
15,2017-08-05 08:00:00,34,28,-6
15,2017-08-05 10:00:00,58,72,14
15,2017-08-05 12:00:00,82,56,-26
15,2017-08-05 14:00:00,94,89,-5
15,2017-08-05 16:00:00,123,84,-39
15,2017-08-05 18:00:00,114,114,0
15,2017-08-05 20:00:00,53,59,6
15,2017-08-05 22:00:00,28,31,3
15,2017-08-06 00:00:00,10,12,2
15,2017-08-06 02:00:00,9,11,2
15,2017-08-06 04:00:00,13,5,-8
15,2017-08-06 06:00:00,11,8,-3
15,2017-08-06 08:00:00,30,26,-4
15,2017-08-06 10:00:00,56,48,-8
15,2017-08-06 12:00:00,126,127,1
15,2017-08-06 14:00:00,173,161,-12
15,2017-08-06 16:00:00,187,117,-70
15,2017-08-06 18:00:00,106,102,-4
15,2017-08-06 20:00:00,50,54,4
15,2017-08-06 22:00:00,23,20,-3
15,2017-08-07 00:00:00,7,16,9
15,2017-08-07 02:00:00,3,3,0
15,2017-08-07 04:00:00,9,0,-9
15,2017-08-07 06:00:00,112,23,-89
15,2017-08-07 08:00:00,262,107,-155
15,2017-08-07 10:00:00,60,47,-13
15,2017-08-07 12:00:00,66,66,0
15,2017-08-07 14:00:00,48,55,7
15,2017-08-07 16:00:00,128,218,90
15,2017-08-07 18:00:00,108,194,86
15,2017-08-07 20:00:00,39,33,-6
15,2017-08-07 22:00:00,16,17,1
15,2017-08-08 00:00:00,15,8,-7
15,2017-08-08 02:00:00,2,1,-1
15,2017-08-08 04:00:00,9,5,-4
15,2017-08-08 06:00:00,118,43,-75
15,2017-08-08 08:00:00,259,131,-128
15,2017-08-08 10:00:00,66,51,-15
15,2017-08-08 12:00:00,64,58,-6
15,2017-08-08 14:00:00,88,70,-18
15,2017-08-08 16:00:00,144,197,53
15,2017-08-08 18:00:00,111,229,118
15,2017-08-08 20:00:00,62,47,-15
15,2017-08-08 22:00:00,17,31,14
15,2017-08-09 00:00:00,13,10,-3
15,2017-08-09 02:00:00,3,4,1
15,2017-08-09 04:00:00,10,2,-8
15,2017-08-09 06:00:00,97,29,-68
15,2017-08-09 08:00:00,132,69,-63
15,2017-08-09 10:00:00,15,9,-6
15,2017-08-09 12:00:00,24,17,-7
15,2017-08-09 14:00:00,12,16,4
15,2017-08-09 16:00:00,30,55,25
15,2017-08-09 18:00:00,21,53,32
15,2017-08-09 20:00:00,10,9,-1
15,2017-08-09 22:00:00,16,21,5
15,2017-08-10 00:00:00,1,4,3
15,2017-08-10 02:00:00,6,2,-4
15,2017-08-10 04:00:00,11,4,-7
15,2017-08-10 06:00:00,134,29,-105
15,2017-08-10 08:00:00,257,117,-140
15,2017-08-10 10:00:00,57,54,-3
15,2017-08-10 12:00:00,66,66,0
15,2017-08-10 14:00:00,85,89,4
15,2017-08-10 16:00:00,162,182,20
15,2017-08-10 18:00:00,155,266,111
15,2017-08-10 20:00:00,69,84,15
15,2017-08-10 22:00:00,42,44,2
15,2017-08-11 00:00:00,7,9,2
15,2017-08-11 02:00:00,5,4,-1
15,2017-08-11 04:00:00,7,5,-2
15,2017-08-11 06:00:00,102,27,-75
15,2017-08-11 08:00:00,286,104,-182
15,2017-08-11 10:00:00,80,65,-15
15,2017-08-11 12:00:00,76,81,5
15,2017-08-11 14:00:00,89,110,21
15,2017-08-11 16:00:00,156,206,50
15,2017-08-11 18:00:00,104,170,66
15,2017-08-11 20:00:00,38,38,0
15,2017-08-11 22:00:00,25,18,-7
15,2017-08-12 00:00:00,15,15,0
15,2017-08-12 02:00:00,10,15,5
15,2017-08-12 04:00:00,9,1,-8
15,2017-08-12 06:00:00,11,5,-6
15,2017-08-12 08:00:00,27,26,-1
15,2017-08-12 10:00:00,72,75,3
15,2017-08-12 12:00:00,135,71,-64
15,2017-08-12 14:00:00,128,109,-19
15,2017-08-12 16:00:00,124,142,18
15,2017-08-12 18:00:00,117,132,15
15,2017-08-12 20:00:00,55,64,9
15,2017-08-12 22:00:00,30,37,7
15,2017-08-13 00:00:00,37,19,-18
15,2017-08-13 02:00:00,16,12,-4
15,2017-08-13 04:00:00,2,5,3
15,2017-08-13 06:00:00,3,4,1
15,2017-08-13 08:00:00,39,12,-27
15,2017-08-13 10:00:00,109,75,-34
15,2017-08-13 12:00:00,115,135,20
15,2017-08-13 14:00:00,155,188,33
15,2017-08-13 16:00:00,181,178,-3
15,2017-08-13 18:00:00,139,81,-58
15,2017-08-13 20:00:00,47,56,9
15,2017-08-13 22:00:00,19,23,4
15,2017-08-14 00:00:00,8,12,4
15,2017-08-14 02:00:00,4,3,-1
15,2017-08-14 04:00:00,8,3,-5
15,2017-08-14 06:00:00,135,38,-97
15,2017-08-14 08:00:00,269,116,-153
15,2017-08-14 10:00:00,73,57,-16
15,2017-08-14 12:00:00,105,62,-43
15,2017-08-14 14:00:00,70,86,16
15,2017-08-14 16:00:00,173,211,38
15,2017-08-14 18:00:00,147,220,73
15,2017-08-14 20:00:00,65,73,8
15,2017-08-14 22:00:00,25,28,3
15,2017-08-15 00:00:00,12,12,0
15,2017-08-15 02:00:00,2,3,1
15,2017-08-15 04:00:00,11,1,-10
15,2017-08-15 06:00:00,142,43,-99
15,2017-08-15 08:00:00,270,127,-143
15,2017-08-15 10:00:00,60,62,2
15,2017-08-15 12:00:00,86,90,4
15,2017-08-15 14:00:00,66,78,12
15,2017-08-15 16:00:00,148,234,86
15,2017-08-15 18:00:00,173,215,42
15,2017-08-15 20:00:00,55,74,19
15,2017-08-15 22:00:00,32,30,-2
15,2017-08-16 00:00:00,13,8,-5
15,2017-08-16 02:00:00,6,3,-3
15,2017-08-16 04:00:00,11,5,-6
15,2017-08-16 06:00:00,149,26,-123
15,2017-08-16 08:00:00,259,140,-119
15,2017-08-16 10:00:00,55,73,18
15,2017-08-16 12:00:00,85,61,-24
15,2017-08-16 14:00:00,63,96,33
15,2017-08-16 16:00:00,155,197,42
15,2017-08-16 18:00:00,166,241,75
15,2017-08-16 20:00:00,50,75,25
15,2017-08-16 22:00:00,27,31,4
15,2017-08-17 00:00:00,12,9,-3
15,2017-08-17 02:00:00,2,0,-2
15,2017-08-17 04:00:00,5,1,-4
15,2017-08-17 06:00:00,91,13,-78
15,2017-08-17 08:00:00,199,106,-93
15,2017-08-17 10:00:00,50,52,2
15,2017-08-17 12:00:00,91,59,-32
15,2017-08-17 14:00:00,82,73,-9
15,2017-08-17 16:00:00,130,171,41
15,2017-08-17 18:00:00,138,189,51
15,2017-08-17 20:00:00,53,51,-2
15,2017-08-17 22:00:00,25,28,3
15,2017-08-18 00:00:00,7,15,8
15,2017-08-18 02:00:00,3,1,-2
15,2017-08-18 04:00:00,4,7,3
15,2017-08-18 06:00:00,93,28,-65
15,2017-08-18 08:00:00,196,96,-100
15,2017-08-18 10:00:00,72,70,-2
15,2017-08-18 12:00:00,56,73,17
15,2017-08-18 14:00:00,46,54,8
15,2017-08-18 16:00:00,96,136,40
15,2017-08-18 18:00:00,94,173,79
15,2017-08-18 20:00:00,47,45,-2
15,2017-08-18 22:00:00,32,26,-6
15,2017-08-19 00:00:00,13,15,2
15,2017-08-19 02:00:00,17,2,-15
15,2017-08-19 04:00:00,9,5,-4
15,2017-08-19 06:00:00,13,5,-8
15,2017-08-19 08:00:00,33,18,-15
15,2017-08-19 10:00:00,101,48,-53
15,2017-08-19 12:00:00,91,107,16
15,2017-08-19 14:00:00,104,109,5
15,2017-08-19 16:00:00,100,104,4
15,2017-08-19 18:00:00,81,87,6
15,2017-08-19 20:00:00,29,48,19
15,2017-08-19 22:00:00,20,44,24
15,2017-08-20 00:00:00,17,13,-4
15,2017-08-20 02:00:00,15,5,-10
15,2017-08-20 04:00:00,6,4,-2
15,2017-08-20 06:00:00,6,6,0
15,2017-08-20 08:00:00,25,28,3
15,2017-08-20 10:00:00,89,52,-37
15,2017-08-20 12:00:00,97,95,-2
15,2017-08-20 14:00:00,159,115,-44
15,2017-08-20 16:00:00,116,102,-14
15,2017-08-20 18:00:00,53,48,-5
15,2017-08-20 20:00:00,18,21,3
15,2017-08-20 22:00:00,8,14,6
15,2017-08-21 00:00:00,3,0,-3
15,2017-08-21 02:00:00,0,0,0
15,2017-08-21 04:00:00,6,1,-5
15,2017-08-21 06:00:00,95,16,-79
15,2017-08-21 08:00:00,166,89,-77
15,2017-08-21 10:00:00,48,49,1
15,2017-08-21 12:00:00,51,52,1
15,2017-08-21 14:00:00,50,70,20
15,2017-08-21 16:00:00,137,184,47
15,2017-08-21 18:00:00,102,184,82
15,2017-08-21 20:00:00,37,35,-2
15,2017-08-21 22:00:00,18,27,9
15,2017-08-22 00:00:00,11,4,-7
15,2017-08-22 02:00:00,2,0,-2
15,2017-08-22 04:00:00,6,4,-2
15,2017-08-22 06:00:00,135,38,-97
15,2017-08-22 08:00:00,248,144,-104
15,2017-08-22 10:00:00,57,56,-1
15,2017-08-22 12:00:00,59,56,-3
15,2017-08-22 14:00:00,54,85,31
15,2017-08-22 16:00:00,136,192,56
15,2017-08-22 18:00:00,159,203,44
15,2017-08-22 20:00:00,33,48,15
15,2017-08-22 22:00:00,26,23,-3
15,2017-08-23 00:00:00,11,6,-5
15,2017-08-23 02:00:00,4,0,-4
15,2017-08-23 04:00:00,6,2,-4
15,2017-08-23 06:00:00,133,26,-107
15,2017-08-23 08:00:00,275,141,-134
15,2017-08-23 10:00:00,59,47,-12
15,2017-08-23 12:00:00,64,69,5
15,2017-08-23 14:00:00,73,68,-5
15,2017-08-23 16:00:00,153,195,42
15,2017-08-23 18:00:00,153,207,54
15,2017-08-23 20:00:00,68,62,-6
15,2017-08-23 22:00:00,25,23,-2
15,2017-08-24 00:00:00,8,5,-3
15,2017-08-24 02:00:00,2,4,2
15,2017-08-24 04:00:00,11,2,-9
15,2017-08-24 06:00:00,139,29,-110
15,2017-08-24 08:00:00,200,137,-63
15,2017-08-24 10:00:00,88,68,-20
15,2017-08-24 12:00:00,75,75,0
15,2017-08-24 14:00:00,75,58,-17
15,2017-08-24 16:00:00,146,187,41
15,2017-08-24 18:00:00,127,203,76
15,2017-08-24 20:00:00,58,64,6
15,2017-08-24 22:00:00,27,28,1
15,2017-08-25 00:00:00,22,7,-15
15,2017-08-25 02:00:00,5,8,3
15,2017-08-25 04:00:00,7,1,-6
15,2017-08-25 06:00:00,91,25,-66
15,2017-08-25 08:00:00,211,89,-122
15,2017-08-25 10:00:00,80,45,-35
15,2017-08-25 12:00:00,70,80,10
15,2017-08-25 14:00:00,62,91,29
15,2017-08-25 16:00:00,166,214,48
15,2017-08-25 18:00:00,138,170,32
15,2017-08-25 20:00:00,46,77,31
15,2017-08-25 22:00:00,29,32,3
15,2017-08-26 00:00:00,19,18,-1
15,2017-08-26 02:00:00,12,9,-3
15,2017-08-26 04:00:00,8,3,-5
15,2017-08-26 06:00:00,11,8,-3
15,2017-08-26 08:00:00,21,17,-4
15,2017-08-26 10:00:00,80,48,-32
15,2017-08-26 12:00:00,87,82,-5
15,2017-08-26 14:00:00,103,107,4
15,2017-08-26 16:00:00,117,108,-9
15,2017-08-26 18:00:00,106,93,-13
15,2017-08-26 20:00:00,51,46,-5
15,2017-08-26 22:00:00,22,52,30
15,2017-08-27 00:00:00,17,20,3
15,2017-08-27 02:00:00,24,17,-7
15,2017-08-27 04:00:00,3,4,1
15,2017-08-27 06:00:00,18,11,-7
15,2017-08-27 08:00:00,28,16,-12
15,2017-08-27 10:00:00,73,63,-10
15,2017-08-27 12:00:00,152,109,-43
15,2017-08-27 14:00:00,132,121,-11
15,2017-08-27 16:00:00,113,127,14
15,2017-08-27 18:00:00,135,115,-20
15,2017-08-27 20:00:00,57,70,13
15,2017-08-27 22:00:00,32,34,2
15,2017-08-28 00:00:00,12,22,10
15,2017-08-28 02:00:00,22,3,-19
15,2017-08-28 04:00:00,2,2,0
15,2017-08-28 06:00:00,17,4,-13
15,2017-08-28 08:00:00,29,29,0
15,2017-08-28 10:00:00,80,53,-27
15,2017-08-28 12:00:00,101,126,25
15,2017-08-28 14:00:00,154,145,-9
15,2017-08-28 16:00:00,125,131,6
15,2017-08-28 18:00:00,124,104,-20
15,2017-08-28 20:00:00,62,71,9
15,2017-08-28 22:00:00,30,33,3
15,2017-08-29 00:00:00,14,10,-4
15,2017-08-29 02:00:00,7,8,1
15,2017-08-29 04:00:00,7,2,-5
15,2017-08-29 06:00:00,137,34,-103
15,2017-08-29 08:00:00,266,111,-155
15,2017-08-29 10:00:00,61,47,-14
15,2017-08-29 12:00:00,62,78,16
15,2017-08-29 14:00:00,91,81,-10
15,2017-08-29 16:00:00,137,222,85
15,2017-08-29 18:00:00,174,228,54
15,2017-08-29 20:00:00,55,43,-12
15,2017-08-29 22:00:00,15,16,1
15,2017-08-30 00:00:00,5,3,-2
15,2017-08-30 02:00:00,0,1,1
15,2017-08-30 04:00:00,2,3,1
15,2017-08-30 06:00:00,132,31,-101
15,2017-08-30 08:00:00,228,109,-119
15,2017-08-30 10:00:00,39,37,-2
15,2017-08-30 12:00:00,16,17,1
15,2017-08-30 14:00:00,12,12,0
15,2017-08-30 16:00:00,48,109,61
15,2017-08-30 18:00:00,86,127,41
15,2017-08-30 20:00:00,35,40,5
15,2017-08-30 22:00:00,15,25,10
15,2017-08-31 00:00:00,10,4,-6
15,2017-08-31 02:00:00,1,1,0
15,2017-08-31 04:00:00,4,4,0
15,2017-08-31 06:00:00,136,37,-99
15,2017-08-31 08:00:00,283,130,-153
15,2017-08-31 10:00:00,65,59,-6
15,2017-08-31 12:00:00,67,68,1
15,2017-08-31 14:00:00,65,68,3
15,2017-08-31 16:00:00,133,190,57
15,2017-08-31 18:00:00,141,232,91
15,2017-08-31 20:00:00,64,56,-8
15,2017-08-31 22:00:00,42,32,-10
15,2017-09-01 00:00:00,15,12,-3
15,2017-09-01 02:00:00,1,1,0
15,2017-09-01 04:00:00,5,3,-2
15,2017-09-01 06:00:00,116,29,-87
15,2017-09-01 08:00:00,235,118,-117
15,2017-09-01 10:00:00,70,68,-2
15,2017-09-01 12:00:00,75,81,6
15,2017-09-01 14:00:00,73,71,-2
15,2017-09-01 16:00:00,150,186,36
15,2017-09-01 18:00:00,117,188,71
15,2017-09-01 20:00:00,35,38,3
15,2017-09-01 22:00:00,33,35,2
15,2017-09-02 00:00:00,23,15,-8
15,2017-09-02 02:00:00,21,7,-14
15,2017-09-02 04:00:00,6,4,-2
15,2017-09-02 06:00:00,12,7,-5
15,2017-09-02 08:00:00,42,36,-6
15,2017-09-02 10:00:00,67,59,-8
15,2017-09-02 12:00:00,129,111,-18
15,2017-09-02 14:00:00,117,138,21
15,2017-09-02 16:00:00,133,153,20
15,2017-09-02 18:00:00,120,98,-22
15,2017-09-02 20:00:00,52,57,5
15,2017-09-02 22:00:00,19,32,13
15,2017-09-03 00:00:00,21,15,-6
15,2017-09-03 02:00:00,20,4,-16
15,2017-09-03 04:00:00,2,8,6
15,2017-09-03 06:00:00,16,12,-4
15,2017-09-03 08:00:00,21,23,2
15,2017-09-03 10:00:00,49,57,8
15,2017-09-03 12:00:00,94,93,-1
15,2017-09-03 14:00:00,114,91,-23
15,2017-09-03 16:00:00,54,63,9
15,2017-09-03 18:00:00,32,39,7
15,2017-09-03 20:00:00,21,17,-4
15,2017-09-03 22:00:00,17,17,0
15,2017-09-04 00:00:00,3,2,-1
15,2017-09-04 02:00:00,2,6,4
15,2017-09-04 04:00:00,9,1,-8
15,2017-09-04 06:00:00,86,23,-63
15,2017-09-04 08:00:00,177,83,-94
15,2017-09-04 10:00:00,29,29,0
15,2017-09-04 12:00:00,45,57,12
15,2017-09-04 14:00:00,56,46,-10
15,2017-09-04 16:00:00,123,200,77
15,2017-09-04 18:00:00,149,188,39
15,2017-09-04 20:00:00,40,56,16
15,2017-09-04 22:00:00,24,20,-4
15,2017-09-05 00:00:00,12,7,-5
15,2017-09-05 02:00:00,4,1,-3
15,2017-09-05 04:00:00,7,2,-5
15,2017-09-05 06:00:00,128,37,-91
15,2017-09-05 08:00:00,241,131,-110
15,2017-09-05 10:00:00,53,41,-12
15,2017-09-05 12:00:00,47,57,10
15,2017-09-05 14:00:00,55,57,2
15,2017-09-05 16:00:00,101,156,55
15,2017-09-05 18:00:00,125,200,75
15,2017-09-05 20:00:00,34,43,9
15,2017-09-05 22:00:00,20,24,4
15,2017-09-06 00:00:00,7,6,-1
15,2017-09-06 02:00:00,6,5,-1
15,2017-09-06 04:00:00,6,3,-3
15,2017-09-06 06:00:00,156,46,-110
15,2017-09-06 08:00:00,270,124,-146
15,2017-09-06 10:00:00,60,58,-2
15,2017-09-06 12:00:00,64,70,6
15,2017-09-06 14:00:00,56,63,7
15,2017-09-06 16:00:00,161,211,50
15,2017-09-06 18:00:00,151,230,79
15,2017-09-06 20:00:00,54,75,21
15,2017-09-06 22:00:00,23,26,3
15,2017-09-07 00:00:00,8,9,1
15,2017-09-07 02:00:00,5,1,-4
15,2017-09-07 04:00:00,7,1,-6
15,2017-09-07 06:00:00,147,32,-115
15,2017-09-07 08:00:00,272,145,-127
15,2017-09-07 10:00:00,72,53,-19
15,2017-09-07 12:00:00,66,58,-8
15,2017-09-07 14:00:00,76,82,6
15,2017-09-07 16:00:00,139,196,57
15,2017-09-07 18:00:00,127,231,104
15,2017-09-07 20:00:00,47,61,14
15,2017-09-07 22:00:00,29,28,-1
15,2017-09-08 00:00:00,11,4,-7
15,2017-09-08 02:00:00,7,9,2
15,2017-09-08 04:00:00,4,8,4
15,2017-09-08 06:00:00,55,15,-40
15,2017-09-08 08:00:00,167,71,-96
15,2017-09-08 10:00:00,41,33,-8
15,2017-09-08 12:00:00,16,23,7
15,2017-09-08 14:00:00,61,42,-19
15,2017-09-08 16:00:00,117,170,53
15,2017-09-08 18:00:00,96,163,67
15,2017-09-08 20:00:00,32,29,-3
15,2017-09-08 22:00:00,11,21,10
15,2017-09-09 00:00:00,19,10,-9
15,2017-09-09 02:00:00,4,5,1
15,2017-09-09 04:00:00,8,1,-7
15,2017-09-09 06:00:00,11,13,2
15,2017-09-09 08:00:00,45,26,-19
15,2017-09-09 10:00:00,85,60,-25
15,2017-09-09 12:00:00,84,94,10
15,2017-09-09 14:00:00,118,105,-13
15,2017-09-09 16:00:00,92,85,-7
15,2017-09-09 18:00:00,61,64,3
15,2017-09-09 20:00:00,35,53,18
15,2017-09-09 22:00:00,30,30,0
15,2017-09-10 00:00:00,19,14,-5
15,2017-09-10 02:00:00,8,2,-6
15,2017-09-10 04:00:00,8,3,-5
15,2017-09-10 06:00:00,10,5,-5
15,2017-09-10 08:00:00,21,19,-2
15,2017-09-10 10:00:00,55,62,7
15,2017-09-10 12:00:00,82,81,-1
15,2017-09-10 14:00:00,103,86,-17
15,2017-09-10 16:00:00,70,61,-9
15,2017-09-10 18:00:00,22,26,4
15,2017-09-10 20:00:00,19,12,-7
15,2017-09-10 22:00:00,19,10,-9
15,2017-09-11 00:00:00,8,7,-1
15,2017-09-11 02:00:00,0,3,3
15,2017-09-11 04:00:00,4,4,0
15,2017-09-11 06:00:00,112,26,-86
15,2017-09-11 08:00:00,259,105,-154
15,2017-09-11 10:00:00,39,51,12
15,2017-09-11 12:00:00,47,62,15
15,2017-09-11 14:00:00,49,49,0
15,2017-09-11 16:00:00,98,129,31
15,2017-09-11 18:00:00,111,201,90
15,2017-09-11 20:00:00,27,42,15
15,2017-09-11 22:00:00,12,13,1
15,2017-09-12 00:00:00,3,3,0
15,2017-09-12 02:00:00,0,1,1
15,2017-09-12 04:00:00,9,10,1
15,2017-09-12 06:00:00,142,40,-102
15,2017-09-12 08:00:00,251,133,-118
15,2017-09-12 10:00:00,61,60,-1
15,2017-09-12 12:00:00,56,58,2
15,2017-09-12 14:00:00,69,80,11
15,2017-09-12 16:00:00,150,178,28
15,2017-09-12 18:00:00,137,220,83
15,2017-09-12 20:00:00,14,20,6
15,2017-09-12 22:00:00,3,5,2
15,2017-09-13 00:00:00,7,4,-3
15,2017-09-13 02:00:00,0,1,1
15,2017-09-13 04:00:00,8,8,0
15,2017-09-13 06:00:00,130,28,-102
15,2017-09-13 08:00:00,310,129,-181
15,2017-09-13 10:00:00,61,48,-13
15,2017-09-13 12:00:00,52,57,5
15,2017-09-13 14:00:00,46,56,10
15,2017-09-13 16:00:00,143,204,61
15,2017-09-13 18:00:00,124,220,96
15,2017-09-13 20:00:00,54,42,-12
15,2017-09-13 22:00:00,24,28,4
15,2017-09-14 00:00:00,7,6,-1
15,2017-09-14 02:00:00,3,1,-2
15,2017-09-14 04:00:00,10,5,-5
15,2017-09-14 06:00:00,131,35,-96
15,2017-09-14 08:00:00,282,148,-134
15,2017-09-14 10:00:00,62,57,-5
15,2017-09-14 12:00:00,72,63,-9
15,2017-09-14 14:00:00,60,82,22
15,2017-09-14 16:00:00,138,187,49
15,2017-09-14 18:00:00,108,196,88
15,2017-09-14 20:00:00,32,52,20
15,2017-09-14 22:00:00,38,27,-11
15,2017-09-15 00:00:00,13,12,-1
15,2017-09-15 02:00:00,4,4,0
15,2017-09-15 04:00:00,5,4,-1
15,2017-09-15 06:00:00,56,32,-24
15,2017-09-15 08:00:00,186,112,-74
15,2017-09-15 10:00:00,66,43,-23
15,2017-09-15 12:00:00,75,74,-1
15,2017-09-15 14:00:00,78,81,3
15,2017-09-15 16:00:00,126,129,3
15,2017-09-15 18:00:00,82,129,47
15,2017-09-15 20:00:00,22,40,18
15,2017-09-15 22:00:00,20,25,5
15,2017-09-16 00:00:00,14,10,-4
15,2017-09-16 02:00:00,17,4,-13
15,2017-09-16 04:00:00,1,16,15
15,2017-09-16 06:00:00,13,14,1
15,2017-09-16 08:00:00,46,34,-12
15,2017-09-16 10:00:00,42,54,12
15,2017-09-16 12:00:00,77,92,15
15,2017-09-16 14:00:00,121,116,-5
15,2017-09-16 16:00:00,90,90,0
15,2017-09-16 18:00:00,79,78,-1
15,2017-09-16 20:00:00,28,38,10
15,2017-09-16 22:00:00,30,28,-2
15,2017-09-17 00:00:00,16,18,2
15,2017-09-17 02:00:00,8,12,4
15,2017-09-17 04:00:00,6,4,-2
15,2017-09-17 06:00:00,10,6,-4
15,2017-09-17 08:00:00,24,26,2
15,2017-09-17 10:00:00,63,56,-7
15,2017-09-17 12:00:00,89,76,-13
15,2017-09-17 14:00:00,101,92,-9
15,2017-09-17 16:00:00,109,107,-2
15,2017-09-17 18:00:00,74,92,18
15,2017-09-17 20:00:00,30,30,0
15,2017-09-17 22:00:00,19,21,2
15,2017-09-18 00:00:00,7,2,-5
15,2017-09-18 02:00:00,4,1,-3
15,2017-09-18 04:00:00,15,4,-11
15,2017-09-18 06:00:00,145,39,-106
15,2017-09-18 08:00:00,271,140,-131
15,2017-09-18 10:00:00,50,34,-16
15,2017-09-18 12:00:00,70,49,-21
15,2017-09-18 14:00:00,61,60,-1
15,2017-09-18 16:00:00,134,210,76
15,2017-09-18 18:00:00,122,221,99
15,2017-09-18 20:00:00,28,45,17
15,2017-09-18 22:00:00,17,6,-11
15,2017-09-19 00:00:00,6,4,-2
15,2017-09-19 02:00:00,0,2,2
15,2017-09-19 04:00:00,9,3,-6
15,2017-09-19 06:00:00,144,38,-106
15,2017-09-19 08:00:00,283,148,-135
15,2017-09-19 10:00:00,63,61,-2
15,2017-09-19 12:00:00,72,64,-8
15,2017-09-19 14:00:00,67,80,13
15,2017-09-19 16:00:00,160,212,52
15,2017-09-19 18:00:00,137,224,87
15,2017-09-19 20:00:00,36,53,17
15,2017-09-19 22:00:00,24,22,-2
16,2017-08-01 00:00:00,2,12,10
16,2017-08-01 02:00:00,14,2,-12
16,2017-08-01 04:00:00,6,2,-4
16,2017-08-01 06:00:00,112,46,-66
16,2017-08-01 08:00:00,233,93,-140
16,2017-08-01 10:00:00,40,28,-12
16,2017-08-01 12:00:00,53,40,-13
16,2017-08-01 14:00:00,67,44,-23
16,2017-08-01 16:00:00,100,153,53
16,2017-08-01 18:00:00,95,265,170
16,2017-08-01 20:00:00,49,62,13
16,2017-08-01 22:00:00,15,38,23
16,2017-08-02 00:00:00,11,17,6
16,2017-08-02 02:00:00,0,4,4
16,2017-08-02 04:00:00,6,5,-1
16,2017-08-02 06:00:00,103,35,-68
16,2017-08-02 08:00:00,217,101,-116
16,2017-08-02 10:00:00,38,26,-12
16,2017-08-02 12:00:00,25,16,-9
16,2017-08-02 14:00:00,15,17,2
16,2017-08-02 16:00:00,41,79,38
16,2017-08-02 18:00:00,59,132,73
16,2017-08-02 20:00:00,16,54,38
16,2017-08-02 22:00:00,12,24,12
16,2017-08-03 00:00:00,3,3,0
16,2017-08-03 02:00:00,0,2,2
16,2017-08-03 04:00:00,7,3,-4
16,2017-08-03 06:00:00,103,39,-64
16,2017-08-03 08:00:00,191,94,-97
16,2017-08-03 10:00:00,40,19,-21
16,2017-08-03 12:00:00,40,31,-9
16,2017-08-03 14:00:00,44,43,-1
16,2017-08-03 16:00:00,81,103,22
16,2017-08-03 18:00:00,92,165,73
16,2017-08-03 20:00:00,27,68,41
16,2017-08-03 22:00:00,13,57,44
16,2017-08-04 00:00:00,5,12,7
16,2017-08-04 02:00:00,5,7,2
16,2017-08-04 04:00:00,7,2,-5
16,2017-08-04 06:00:00,98,23,-75
16,2017-08-04 08:00:00,197,99,-98
16,2017-08-04 10:00:00,46,24,-22
16,2017-08-04 12:00:00,61,36,-25
16,2017-08-04 14:00:00,42,65,23
16,2017-08-04 16:00:00,73,133,60
16,2017-08-04 18:00:00,61,173,112
16,2017-08-04 20:00:00,89,54,-35
16,2017-08-04 22:00:00,38,55,17
16,2017-08-05 00:00:00,18,16,-2
16,2017-08-05 02:00:00,7,16,9
16,2017-08-05 04:00:00,4,7,3
16,2017-08-05 06:00:00,20,9,-11
16,2017-08-05 08:00:00,48,25,-23
16,2017-08-05 10:00:00,86,65,-21
16,2017-08-05 12:00:00,58,60,2
16,2017-08-05 14:00:00,65,55,-10
16,2017-08-05 16:00:00,70,64,-6
16,2017-08-05 18:00:00,55,86,31
16,2017-08-05 20:00:00,26,49,23
16,2017-08-05 22:00:00,22,27,5
16,2017-08-06 00:00:00,17,14,-3
16,2017-08-06 02:00:00,14,10,-4
16,2017-08-06 04:00:00,5,12,7
16,2017-08-06 06:00:00,12,8,-4
16,2017-08-06 08:00:00,39,22,-17
16,2017-08-06 10:00:00,66,68,2
16,2017-08-06 12:00:00,93,61,-32
16,2017-08-06 14:00:00,116,95,-21
16,2017-08-06 16:00:00,98,96,-2
16,2017-08-06 18:00:00,78,122,44
16,2017-08-06 20:00:00,45,46,1
16,2017-08-06 22:00:00,21,25,4
16,2017-08-07 00:00:00,11,7,-4
16,2017-08-07 02:00:00,0,3,3
16,2017-08-07 04:00:00,4,2,-2
16,2017-08-07 06:00:00,75,42,-33
16,2017-08-07 08:00:00,190,108,-82
16,2017-08-07 10:00:00,33,15,-18
16,2017-08-07 12:00:00,45,19,-26
16,2017-08-07 14:00:00,48,46,-2
16,2017-08-07 16:00:00,91,134,43
16,2017-08-07 18:00:00,69,167,98
16,2017-08-07 20:00:00,31,48,17
16,2017-08-07 22:00:00,15,22,7
16,2017-08-08 00:00:00,2,6,4
16,2017-08-08 02:00:00,5,4,-1
16,2017-08-08 04:00:00,5,2,-3
16,2017-08-08 06:00:00,80,57,-23
16,2017-08-08 08:00:00,209,102,-107
16,2017-08-08 10:00:00,35,26,-9
16,2017-08-08 12:00:00,41,39,-2
16,2017-08-08 14:00:00,44,39,-5
16,2017-08-08 16:00:00,78,99,21
16,2017-08-08 18:00:00,91,183,92
16,2017-08-08 20:00:00,40,67,27
16,2017-08-08 22:00:00,21,35,14
16,2017-08-09 00:00:00,5,7,2
16,2017-08-09 02:00:00,8,1,-7
16,2017-08-09 04:00:00,4,7,3
16,2017-08-09 06:00:00,70,31,-39
16,2017-08-09 08:00:00,105,73,-32
16,2017-08-09 10:00:00,10,4,-6
16,2017-08-09 12:00:00,7,6,-1
16,2017-08-09 14:00:00,3,12,9
16,2017-08-09 16:00:00,14,25,11
16,2017-08-09 18:00:00,22,26,4
16,2017-08-09 20:00:00,8,11,3
16,2017-08-09 22:00:00,4,12,8
16,2017-08-10 00:00:00,2,3,1
16,2017-08-10 02:00:00,1,3,2
16,2017-08-10 04:00:00,3,1,-2
16,2017-08-10 06:00:00,72,54,-18
16,2017-08-10 08:00:00,210,107,-103
16,2017-08-10 10:00:00,49,26,-23
16,2017-08-10 12:00:00,47,32,-15
16,2017-08-10 14:00:00,44,57,13
16,2017-08-10 16:00:00,89,102,13
16,2017-08-10 18:00:00,90,160,70
16,2017-08-10 20:00:00,46,71,25
16,2017-08-10 22:00:00,31,54,23
16,2017-08-11 00:00:00,6,12,6
16,2017-08-11 02:00:00,1,12,11
16,2017-08-11 04:00:00,5,3,-2
16,2017-08-11 06:00:00,69,25,-44
16,2017-08-11 08:00:00,198,95,-103
16,2017-08-11 10:00:00,53,41,-12
16,2017-08-11 12:00:00,74,72,-2
16,2017-08-11 14:00:00,68,55,-13
16,2017-08-11 16:00:00,92,121,29
16,2017-08-11 18:00:00,66,140,74
16,2017-08-11 20:00:00,37,51,14
16,2017-08-11 22:00:00,21,37,16
16,2017-08-12 00:00:00,13,17,4
16,2017-08-12 02:00:00,12,21,9
16,2017-08-12 04:00:00,7,6,-1
16,2017-08-12 06:00:00,24,8,-16
16,2017-08-12 08:00:00,43,34,-9
16,2017-08-12 10:00:00,72,45,-27
16,2017-08-12 12:00:00,100,82,-18
16,2017-08-12 14:00:00,89,79,-10
16,2017-08-12 16:00:00,84,97,13
16,2017-08-12 18:00:00,46,101,55
16,2017-08-12 20:00:00,30,38,8
16,2017-08-12 22:00:00,22,21,-1
16,2017-08-13 00:00:00,17,25,8
16,2017-08-13 02:00:00,29,7,-22
16,2017-08-13 04:00:00,2,4,2
16,2017-08-13 06:00:00,5,8,3
16,2017-08-13 08:00:00,23,10,-13
16,2017-08-13 10:00:00,83,48,-35
16,2017-08-13 12:00:00,123,97,-26
16,2017-08-13 14:00:00,109,119,10
16,2017-08-13 16:00:00,95,129,34
16,2017-08-13 18:00:00,78,91,13
16,2017-08-13 20:00:00,47,45,-2
16,2017-08-13 22:00:00,18,29,11
16,2017-08-14 00:00:00,8,7,-1
16,2017-08-14 02:00:00,10,2,-8
16,2017-08-14 04:00:00,3,4,1
16,2017-08-14 06:00:00,75,36,-39
16,2017-08-14 08:00:00,210,105,-105
16,2017-08-14 10:00:00,43,24,-19
16,2017-08-14 12:00:00,52,36,-16
16,2017-08-14 14:00:00,54,42,-12
16,2017-08-14 16:00:00,101,132,31
16,2017-08-14 18:00:00,100,212,112
16,2017-08-14 20:00:00,47,55,8
16,2017-08-14 22:00:00,8,36,28
16,2017-08-15 00:00:00,2,8,6
16,2017-08-15 02:00:00,3,1,-2
16,2017-08-15 04:00:00,3,4,1
16,2017-08-15 06:00:00,113,45,-68
16,2017-08-15 08:00:00,231,120,-111
16,2017-08-15 10:00:00,46,20,-26
16,2017-08-15 12:00:00,55,39,-16
16,2017-08-15 14:00:00,56,35,-21
16,2017-08-15 16:00:00,106,128,22
16,2017-08-15 18:00:00,120,239,119
16,2017-08-15 20:00:00,46,93,47
16,2017-08-15 22:00:00,18,48,30
16,2017-08-16 00:00:00,4,14,10
16,2017-08-16 02:00:00,3,3,0
16,2017-08-16 04:00:00,8,6,-2
16,2017-08-16 06:00:00,84,35,-49
16,2017-08-16 08:00:00,228,113,-115
16,2017-08-16 10:00:00,42,21,-21
16,2017-08-16 12:00:00,49,38,-11
16,2017-08-16 14:00:00,37,37,0
16,2017-08-16 16:00:00,90,120,30
16,2017-08-16 18:00:00,98,211,113
16,2017-08-16 20:00:00,38,82,44
16,2017-08-16 22:00:00,22,30,8
16,2017-08-17 00:00:00,2,7,5
16,2017-08-17 02:00:00,1,6,5
16,2017-08-17 04:00:00,5,7,2
16,2017-08-17 06:00:00,57,30,-27
16,2017-08-17 08:00:00,175,98,-77
16,2017-08-17 10:00:00,38,20,-18
16,2017-08-17 12:00:00,47,36,-11
16,2017-08-17 14:00:00,30,49,19
16,2017-08-17 16:00:00,86,139,53
16,2017-08-17 18:00:00,82,220,138
16,2017-08-17 20:00:00,61,63,2
16,2017-08-17 22:00:00,36,44,8
16,2017-08-18 00:00:00,10,15,5
16,2017-08-18 02:00:00,11,4,-7
16,2017-08-18 04:00:00,4,8,4
16,2017-08-18 06:00:00,69,27,-42
16,2017-08-18 08:00:00,199,92,-107
16,2017-08-18 10:00:00,48,27,-21
16,2017-08-18 12:00:00,43,32,-11
16,2017-08-18 14:00:00,32,34,2
16,2017-08-18 16:00:00,51,75,24
16,2017-08-18 18:00:00,59,111,52
16,2017-08-18 20:00:00,19,33,14
16,2017-08-18 22:00:00,3,31,28
16,2017-08-19 00:00:00,16,10,-6
16,2017-08-19 02:00:00,8,9,1
16,2017-08-19 04:00:00,3,8,5
16,2017-08-19 06:00:00,18,9,-9
16,2017-08-19 08:00:00,40,34,-6
16,2017-08-19 10:00:00,87,45,-42
16,2017-08-19 12:00:00,77,57,-20
16,2017-08-19 14:00:00,76,61,-15
16,2017-08-19 16:00:00,80,72,-8
16,2017-08-19 18:00:00,44,81,37
16,2017-08-19 20:00:00,28,51,23
16,2017-08-19 22:00:00,26,47,21
16,2017-08-20 00:00:00,9,22,13
16,2017-08-20 02:00:00,14,7,-7
16,2017-08-20 04:00:00,3,14,11
16,2017-08-20 06:00:00,11,8,-3
16,2017-08-20 08:00:00,31,7,-24
16,2017-08-20 10:00:00,56,50,-6
16,2017-08-20 12:00:00,94,81,-13
16,2017-08-20 14:00:00,66,92,26
16,2017-08-20 16:00:00,44,79,35
16,2017-08-20 18:00:00,29,33,4
16,2017-08-20 20:00:00,11,20,9
16,2017-08-20 22:00:00,4,7,3
16,2017-08-21 00:00:00,2,9,7
16,2017-08-21 02:00:00,2,4,2
16,2017-08-21 04:00:00,2,5,3
16,2017-08-21 06:00:00,69,21,-48
16,2017-08-21 08:00:00,136,58,-78
16,2017-08-21 10:00:00,25,10,-15
16,2017-08-21 12:00:00,29,27,-2
16,2017-08-21 14:00:00,30,28,-2
16,2017-08-21 16:00:00,77,105,28
16,2017-08-21 18:00:00,77,159,82
16,2017-08-21 20:00:00,25,56,31
16,2017-08-21 22:00:00,9,48,39
16,2017-08-22 00:00:00,8,7,-1
16,2017-08-22 02:00:00,2,0,-2
16,2017-08-22 04:00:00,1,5,4
16,2017-08-22 06:00:00,88,39,-49
16,2017-08-22 08:00:00,182,93,-89
16,2017-08-22 10:00:00,39,20,-19
16,2017-08-22 12:00:00,26,27,1
16,2017-08-22 14:00:00,31,32,1
16,2017-08-22 16:00:00,77,116,39
16,2017-08-22 18:00:00,88,187,99
16,2017-08-22 20:00:00,35,64,29
16,2017-08-22 22:00:00,16,31,15
16,2017-08-23 00:00:00,7,10,3
16,2017-08-23 02:00:00,4,5,1
16,2017-08-23 04:00:00,4,7,3
16,2017-08-23 06:00:00,107,37,-70
16,2017-08-23 08:00:00,185,103,-82
16,2017-08-23 10:00:00,31,28,-3
16,2017-08-23 12:00:00,36,34,-2
16,2017-08-23 14:00:00,41,40,-1
16,2017-08-23 16:00:00,78,133,55
16,2017-08-23 18:00:00,64,168,104
16,2017-08-23 20:00:00,29,84,55
16,2017-08-23 22:00:00,30,41,11
16,2017-08-24 00:00:00,1,9,8
16,2017-08-24 02:00:00,3,9,6
16,2017-08-24 04:00:00,2,0,-2
16,2017-08-24 06:00:00,91,36,-55
16,2017-08-24 08:00:00,196,103,-93
16,2017-08-24 10:00:00,44,36,-8
16,2017-08-24 12:00:00,62,45,-17
16,2017-08-24 14:00:00,52,45,-7
16,2017-08-24 16:00:00,75,103,28
16,2017-08-24 18:00:00,78,151,73
16,2017-08-24 20:00:00,26,51,25
16,2017-08-24 22:00:00,21,44,23
16,2017-08-25 00:00:00,6,17,11
16,2017-08-25 02:00:00,1,8,7
16,2017-08-25 04:00:00,3,7,4
16,2017-08-25 06:00:00,95,33,-62
16,2017-08-25 08:00:00,163,80,-83
16,2017-08-25 10:00:00,42,28,-14
16,2017-08-25 12:00:00,40,40,0
16,2017-08-25 14:00:00,55,54,-1
16,2017-08-25 16:00:00,86,121,35
16,2017-08-25 18:00:00,70,130,60
16,2017-08-25 20:00:00,30,68,38
16,2017-08-25 22:00:00,58,43,-15
16,2017-08-26 00:00:00,30,22,-8
16,2017-08-26 02:00:00,12,7,-5
16,2017-08-26 04:00:00,8,10,2
16,2017-08-26 06:00:00,11,10,-1
16,2017-08-26 08:00:00,42,22,-20
16,2017-08-26 10:00:00,70,50,-20
16,2017-08-26 12:00:00,113,74,-39
16,2017-08-26 14:00:00,91,84,-7
16,2017-08-26 16:00:00,66,92,26
16,2017-08-26 18:00:00,53,90,37
16,2017-08-26 20:00:00,31,57,26
16,2017-08-26 22:00:00,32,53,21
16,2017-08-27 00:00:00,22,42,20
16,2017-08-27 02:00:00,11,24,13
16,2017-08-27 04:00:00,5,5,0
16,2017-08-27 06:00:00,11,23,12
16,2017-08-27 08:00:00,22,14,-8
16,2017-08-27 10:00:00,79,35,-44
16,2017-08-27 12:00:00,123,87,-36
16,2017-08-27 14:00:00,106,83,-23
16,2017-08-27 16:00:00,80,104,24
16,2017-08-27 18:00:00,63,95,32
16,2017-08-27 20:00:00,29,96,67
16,2017-08-27 22:00:00,34,48,14
16,2017-08-28 00:00:00,23,29,6
16,2017-08-28 02:00:00,20,12,-8
16,2017-08-28 04:00:00,7,13,6
16,2017-08-28 06:00:00,11,10,-1
16,2017-08-28 08:00:00,40,30,-10
16,2017-08-28 10:00:00,98,38,-60
16,2017-08-28 12:00:00,146,94,-52
16,2017-08-28 14:00:00,114,111,-3
16,2017-08-28 16:00:00,97,144,47
16,2017-08-28 18:00:00,78,101,23
16,2017-08-28 20:00:00,46,81,35
16,2017-08-28 22:00:00,11,31,20
16,2017-08-29 00:00:00,5,9,4
16,2017-08-29 02:00:00,2,5,3
16,2017-08-29 04:00:00,3,6,3
16,2017-08-29 06:00:00,83,28,-55
16,2017-08-29 08:00:00,179,98,-81
16,2017-08-29 10:00:00,37,32,-5
16,2017-08-29 12:00:00,44,41,-3
16,2017-08-29 14:00:00,35,49,14
16,2017-08-29 16:00:00,93,112,19
16,2017-08-29 18:00:00,78,173,95
16,2017-08-29 20:00:00,34,68,34
16,2017-08-29 22:00:00,17,31,14
16,2017-08-30 00:00:00,7,13,6
16,2017-08-30 02:00:00,3,2,-1
16,2017-08-30 04:00:00,3,2,-1
16,2017-08-30 06:00:00,95,46,-49
16,2017-08-30 08:00:00,175,93,-82
16,2017-08-30 10:00:00,33,25,-8
16,2017-08-30 12:00:00,15,12,-3
16,2017-08-30 14:00:00,7,11,4
16,2017-08-30 16:00:00,36,59,23
16,2017-08-30 18:00:00,51,107,56
16,2017-08-30 20:00:00,44,53,9
16,2017-08-30 22:00:00,13,34,21
16,2017-08-31 00:00:00,5,10,5
16,2017-08-31 02:00:00,6,6,0
16,2017-08-31 04:00:00,4,2,-2
16,2017-08-31 06:00:00,101,36,-65
16,2017-08-31 08:00:00,217,106,-111
16,2017-08-31 10:00:00,41,30,-11
16,2017-08-31 12:00:00,36,30,-6
16,2017-08-31 14:00:00,49,48,-1
16,2017-08-31 16:00:00,88,114,26
16,2017-08-31 18:00:00,73,165,92
16,2017-08-31 20:00:00,39,68,29
16,2017-08-31 22:00:00,19,42,23
16,2017-09-01 00:00:00,5,14,9
16,2017-09-01 02:00:00,6,7,1
16,2017-09-01 04:00:00,4,3,-1
16,2017-09-01 06:00:00,95,38,-57
16,2017-09-01 08:00:00,191,89,-102
16,2017-09-01 10:00:00,51,32,-19
16,2017-09-01 12:00:00,39,41,2
16,2017-09-01 14:00:00,64,44,-20
16,2017-09-01 16:00:00,55,112,57
16,2017-09-01 18:00:00,63,144,81
16,2017-09-01 20:00:00,37,65,28
16,2017-09-01 22:00:00,27,53,26
16,2017-09-02 00:00:00,17,32,15
16,2017-09-02 02:00:00,8,12,4
16,2017-09-02 04:00:00,3,4,1
16,2017-09-02 06:00:00,13,11,-2
16,2017-09-02 08:00:00,52,19,-33
16,2017-09-02 10:00:00,95,40,-55
16,2017-09-02 12:00:00,107,76,-31
16,2017-09-02 14:00:00,97,70,-27
16,2017-09-02 16:00:00,72,97,25
16,2017-09-02 18:00:00,73,124,51
16,2017-09-02 20:00:00,29,58,29
16,2017-09-02 22:00:00,23,43,20
16,2017-09-03 00:00:00,14,19,5
16,2017-09-03 02:00:00,23,13,-10
16,2017-09-03 04:00:00,12,10,-2
16,2017-09-03 06:00:00,9,5,-4
16,2017-09-03 08:00:00,20,20,0
16,2017-09-03 10:00:00,69,32,-37
16,2017-09-03 12:00:00,76,66,-10
16,2017-09-03 14:00:00,84,96,12
16,2017-09-03 16:00:00,41,49,8
16,2017-09-03 18:00:00,32,45,13
16,2017-09-03 20:00:00,30,28,-2
16,2017-09-03 22:00:00,5,14,9
16,2017-09-04 00:00:00,4,8,4
16,2017-09-04 02:00:00,6,2,-4
16,2017-09-04 04:00:00,3,2,-1
16,2017-09-04 06:00:00,71,27,-44
16,2017-09-04 08:00:00,164,72,-92
16,2017-09-04 10:00:00,30,26,-4
16,2017-09-04 12:00:00,37,16,-21
16,2017-09-04 14:00:00,32,33,1
16,2017-09-04 16:00:00,68,104,36
16,2017-09-04 18:00:00,103,198,95
16,2017-09-04 20:00:00,40,70,30
16,2017-09-04 22:00:00,15,30,15
16,2017-09-05 00:00:00,2,6,4
16,2017-09-05 02:00:00,2,5,3
16,2017-09-05 04:00:00,2,7,5
16,2017-09-05 06:00:00,93,49,-44
16,2017-09-05 08:00:00,223,79,-144
16,2017-09-05 10:00:00,39,32,-7
16,2017-09-05 12:00:00,34,38,4
16,2017-09-05 14:00:00,32,36,4
16,2017-09-05 16:00:00,80,97,17
16,2017-09-05 18:00:00,77,175,98
16,2017-09-05 20:00:00,36,77,41
16,2017-09-05 22:00:00,9,24,15
16,2017-09-06 00:00:00,5,2,-3
16,2017-09-06 02:00:00,0,0,0
16,2017-09-06 04:00:00,4,6,2
16,2017-09-06 06:00:00,118,44,-74
16,2017-09-06 08:00:00,232,107,-125
16,2017-09-06 10:00:00,33,24,-9
16,2017-09-06 12:00:00,47,42,-5
16,2017-09-06 14:00:00,35,48,13
16,2017-09-06 16:00:00,88,124,36
16,2017-09-06 18:00:00,82,207,125
16,2017-09-06 20:00:00,34,82,48
16,2017-09-06 22:00:00,37,45,8
16,2017-09-07 00:00:00,4,12,8
16,2017-09-07 02:00:00,3,4,1
16,2017-09-07 04:00:00,6,5,-1
16,2017-09-07 06:00:00,93,52,-41
16,2017-09-07 08:00:00,233,102,-131
16,2017-09-07 10:00:00,47,38,-9
16,2017-09-07 12:00:00,36,29,-7
16,2017-09-07 14:00:00,43,44,1
16,2017-09-07 16:00:00,93,134,41
16,2017-09-07 18:00:00,80,154,74
16,2017-09-07 20:00:00,26,72,46
16,2017-09-07 22:00:00,21,42,21
16,2017-09-08 00:00:00,6,19,13
16,2017-09-08 02:00:00,3,4,1
16,2017-09-08 04:00:00,4,3,-1
16,2017-09-08 06:00:00,61,15,-46
16,2017-09-08 08:00:00,107,56,-51
16,2017-09-08 10:00:00,39,26,-13
16,2017-09-08 12:00:00,19,12,-7
16,2017-09-08 14:00:00,25,35,10
16,2017-09-08 16:00:00,57,94,37
16,2017-09-08 18:00:00,63,105,42
16,2017-09-08 20:00:00,32,52,20
16,2017-09-08 22:00:00,24,33,9
16,2017-09-09 00:00:00,17,19,2
16,2017-09-09 02:00:00,13,20,7
16,2017-09-09 04:00:00,7,3,-4
16,2017-09-09 06:00:00,11,8,-3
16,2017-09-09 08:00:00,39,25,-14
16,2017-09-09 10:00:00,80,62,-18
16,2017-09-09 12:00:00,96,75,-21
16,2017-09-09 14:00:00,79,89,10
16,2017-09-09 16:00:00,60,62,2
16,2017-09-09 18:00:00,56,78,22
16,2017-09-09 20:00:00,15,49,34
16,2017-09-09 22:00:00,11,40,29
16,2017-09-10 00:00:00,23,21,-2
16,2017-09-10 02:00:00,20,15,-5
16,2017-09-10 04:00:00,3,4,1
16,2017-09-10 06:00:00,9,6,-3
16,2017-09-10 08:00:00,27,27,0
16,2017-09-10 10:00:00,79,49,-30
16,2017-09-10 12:00:00,95,84,-11
16,2017-09-10 14:00:00,73,66,-7
16,2017-09-10 16:00:00,42,59,17
16,2017-09-10 18:00:00,30,27,-3
16,2017-09-10 20:00:00,14,26,12
16,2017-09-10 22:00:00,12,19,7
16,2017-09-11 00:00:00,8,12,4
16,2017-09-11 02:00:00,5,4,-1
16,2017-09-11 04:00:00,6,0,-6
16,2017-09-11 06:00:00,78,33,-45
16,2017-09-11 08:00:00,151,78,-73
16,2017-09-11 10:00:00,31,20,-11
16,2017-09-11 12:00:00,29,25,-4
16,2017-09-11 14:00:00,29,36,7
16,2017-09-11 16:00:00,54,79,25
16,2017-09-11 18:00:00,77,164,87
16,2017-09-11 20:00:00,19,45,26
16,2017-09-11 22:00:00,16,19,3
16,2017-09-12 00:00:00,6,5,-1
16,2017-09-12 02:00:00,0,3,3
16,2017-09-12 04:00:00,2,0,-2
16,2017-09-12 06:00:00,99,49,-50
16,2017-09-12 08:00:00,203,93,-110
16,2017-09-12 10:00:00,37,23,-14
16,2017-09-12 12:00:00,36,50,14
16,2017-09-12 14:00:00,54,36,-18
16,2017-09-12 16:00:00,81,122,41
16,2017-09-12 18:00:00,86,176,90
16,2017-09-12 20:00:00,15,32,17
16,2017-09-12 22:00:00,7,7,0
16,2017-09-13 00:00:00,0,4,4
16,2017-09-13 02:00:00,1,4,3
16,2017-09-13 04:00:00,2,1,-1
16,2017-09-13 06:00:00,101,45,-56
16,2017-09-13 08:00:00,196,104,-92
16,2017-09-13 10:00:00,30,22,-8
16,2017-09-13 12:00:00,49,35,-14
16,2017-09-13 14:00:00,25,43,18
16,2017-09-13 16:00:00,102,112,10
16,2017-09-13 18:00:00,81,161,80
16,2017-09-13 20:00:00,33,59,26
16,2017-09-13 22:00:00,12,32,20
16,2017-09-14 00:00:00,5,15,10
16,2017-09-14 02:00:00,1,5,4
16,2017-09-14 04:00:00,8,1,-7
16,2017-09-14 06:00:00,93,40,-53
16,2017-09-14 08:00:00,288,95,-193
16,2017-09-14 10:00:00,24,18,-6
16,2017-09-14 12:00:00,45,48,3
16,2017-09-14 14:00:00,39,39,0
16,2017-09-14 16:00:00,84,104,20
16,2017-09-14 18:00:00,80,132,52
16,2017-09-14 20:00:00,20,48,28
16,2017-09-14 22:00:00,22,59,37
16,2017-09-15 00:00:00,6,11,5
16,2017-09-15 02:00:00,10,5,-5
16,2017-09-15 04:00:00,4,1,-3
16,2017-09-15 06:00:00,86,26,-60
16,2017-09-15 08:00:00,182,98,-84
16,2017-09-15 10:00:00,32,28,-4
16,2017-09-15 12:00:00,51,37,-14
16,2017-09-15 14:00:00,45,53,8
16,2017-09-15 16:00:00,69,112,43
16,2017-09-15 18:00:00,52,121,69
16,2017-09-15 20:00:00,15,45,30
16,2017-09-15 22:00:00,22,38,16
16,2017-09-16 00:00:00,19,14,-5
16,2017-09-16 02:00:00,7,18,11
16,2017-09-16 04:00:00,6,6,0
16,2017-09-16 06:00:00,11,5,-6
16,2017-09-16 08:00:00,32,23,-9
16,2017-09-16 10:00:00,73,46,-27
16,2017-09-16 12:00:00,84,61,-23
16,2017-09-16 14:00:00,64,75,11
16,2017-09-16 16:00:00,59,81,22
16,2017-09-16 18:00:00,42,48,6
16,2017-09-16 20:00:00,27,42,15
16,2017-09-16 22:00:00,8,29,21
16,2017-09-17 00:00:00,20,13,-7
16,2017-09-17 02:00:00,10,19,9
16,2017-09-17 04:00:00,5,7,2
16,2017-09-17 06:00:00,9,7,-2
16,2017-09-17 08:00:00,21,24,3
16,2017-09-17 10:00:00,65,46,-19
16,2017-09-17 12:00:00,94,57,-37
16,2017-09-17 14:00:00,71,73,2
16,2017-09-17 16:00:00,80,72,-8
16,2017-09-17 18:00:00,53,58,5
16,2017-09-17 20:00:00,28,37,9
16,2017-09-17 22:00:00,9,19,10
16,2017-09-18 00:00:00,3,11,8
16,2017-09-18 02:00:00,11,7,-4
16,2017-09-18 04:00:00,4,1,-3
16,2017-09-18 06:00:00,100,41,-59
16,2017-09-18 08:00:00,196,87,-109
16,2017-09-18 10:00:00,27,17,-10
16,2017-09-18 12:00:00,47,32,-15
16,2017-09-18 14:00:00,40,43,3
16,2017-09-18 16:00:00,69,117,48
16,2017-09-18 18:00:00,70,198,128
16,2017-09-18 20:00:00,25,57,32
16,2017-09-18 22:00:00,11,17,6
16,2017-09-19 00:00:00,1,8,7
16,2017-09-19 02:00:00,4,1,-3
16,2017-09-19 04:00:00,4,2,-2
16,2017-09-19 06:00:00,108,40,-68
16,2017-09-19 08:00:00,193,107,-86
16,2017-09-19 10:00:00,43,25,-18
16,2017-09-19 12:00:00,44,33,-11
16,2017-09-19 14:00:00,43,45,2
16,2017-09-19 16:00:00,81,126,45
16,2017-09-19 18:00:00,94,195,101
16,2017-09-19 20:00:00,33,77,44
16,2017-09-19 22:00:00,19,38,19
17,2017-08-01 00:00:00,7,7,0
17,2017-08-01 02:00:00,1,3,2
17,2017-08-01 04:00:00,8,6,-2
17,2017-08-01 06:00:00,126,31,-95
17,2017-08-01 08:00:00,166,77,-89
17,2017-08-01 10:00:00,46,36,-10
17,2017-08-01 12:00:00,34,40,6
17,2017-08-01 14:00:00,38,45,7
17,2017-08-01 16:00:00,66,100,34
17,2017-08-01 18:00:00,113,292,179
17,2017-08-01 20:00:00,77,89,12
17,2017-08-01 22:00:00,33,33,0
17,2017-08-02 00:00:00,7,11,4
17,2017-08-02 02:00:00,1,1,0
17,2017-08-02 04:00:00,2,1,-1
17,2017-08-02 06:00:00,112,24,-88
17,2017-08-02 08:00:00,156,62,-94
17,2017-08-02 10:00:00,31,35,4
17,2017-08-02 12:00:00,16,17,1
17,2017-08-02 14:00:00,12,6,-6
17,2017-08-02 16:00:00,30,35,5
17,2017-08-02 18:00:00,66,125,59
17,2017-08-02 20:00:00,44,44,0
17,2017-08-02 22:00:00,15,17,2
17,2017-08-03 00:00:00,11,10,-1
17,2017-08-03 02:00:00,0,5,5
17,2017-08-03 04:00:00,4,5,1
17,2017-08-03 06:00:00,91,30,-61
17,2017-08-03 08:00:00,139,58,-81
17,2017-08-03 10:00:00,35,34,-1
17,2017-08-03 12:00:00,36,34,-2
17,2017-08-03 14:00:00,32,39,7
17,2017-08-03 16:00:00,57,78,21
17,2017-08-03 18:00:00,66,174,108
17,2017-08-03 20:00:00,43,60,17
17,2017-08-03 22:00:00,25,33,8
17,2017-08-04 00:00:00,4,17,13
17,2017-08-04 02:00:00,4,5,1
17,2017-08-04 04:00:00,4,4,0
17,2017-08-04 06:00:00,95,25,-70
17,2017-08-04 08:00:00,136,62,-74
17,2017-08-04 10:00:00,48,34,-14
17,2017-08-04 12:00:00,43,35,-8
17,2017-08-04 14:00:00,39,62,23
17,2017-08-04 16:00:00,64,74,10
17,2017-08-04 18:00:00,85,135,50
17,2017-08-04 20:00:00,33,50,17
17,2017-08-04 22:00:00,45,35,-10
17,2017-08-05 00:00:00,10,24,14
17,2017-08-05 02:00:00,12,22,10
17,2017-08-05 04:00:00,1,9,8
17,2017-08-05 06:00:00,7,8,1
17,2017-08-05 08:00:00,50,48,-2
17,2017-08-05 10:00:00,110,80,-30
17,2017-08-05 12:00:00,80,67,-13
17,2017-08-05 14:00:00,85,76,-9
17,2017-08-05 16:00:00,70,86,16
17,2017-08-05 18:00:00,70,73,3
17,2017-08-05 20:00:00,30,55,25
17,2017-08-05 22:00:00,27,25,-2
17,2017-08-06 00:00:00,14,19,5
17,2017-08-06 02:00:00,2,15,13
17,2017-08-06 04:00:00,1,5,4
17,2017-08-06 06:00:00,8,7,-1
17,2017-08-06 08:00:00,22,24,2
17,2017-08-06 10:00:00,88,63,-25
17,2017-08-06 12:00:00,116,92,-24
17,2017-08-06 14:00:00,102,113,11
17,2017-08-06 16:00:00,95,125,30
17,2017-08-06 18:00:00,78,97,19
17,2017-08-06 20:00:00,22,36,14
17,2017-08-06 22:00:00,17,19,2
17,2017-08-07 00:00:00,5,5,0
17,2017-08-07 02:00:00,0,2,2
17,2017-08-07 04:00:00,6,2,-4
17,2017-08-07 06:00:00,115,35,-80
17,2017-08-07 08:00:00,163,65,-98
17,2017-08-07 10:00:00,32,33,1
17,2017-08-07 12:00:00,32,35,3
17,2017-08-07 14:00:00,31,35,4
17,2017-08-07 16:00:00,75,91,16
17,2017-08-07 18:00:00,90,200,110
17,2017-08-07 20:00:00,26,54,28
17,2017-08-07 22:00:00,11,12,1
17,2017-08-08 00:00:00,6,5,-1
17,2017-08-08 02:00:00,4,1,-3
17,2017-08-08 04:00:00,2,2,0
17,2017-08-08 06:00:00,102,26,-76
17,2017-08-08 08:00:00,163,71,-92
17,2017-08-08 10:00:00,26,28,2
17,2017-08-08 12:00:00,30,35,5
17,2017-08-08 14:00:00,37,43,6
17,2017-08-08 16:00:00,68,95,27
17,2017-08-08 18:00:00,81,214,133
17,2017-08-08 20:00:00,54,65,11
17,2017-08-08 22:00:00,14,27,13
17,2017-08-09 00:00:00,5,10,5
17,2017-08-09 02:00:00,0,3,3
17,2017-08-09 04:00:00,1,0,-1
17,2017-08-09 06:00:00,86,21,-65
17,2017-08-09 08:00:00,90,46,-44
17,2017-08-09 10:00:00,8,15,7
17,2017-08-09 12:00:00,9,4,-5
17,2017-08-09 14:00:00,5,10,5
17,2017-08-09 16:00:00,14,20,6
17,2017-08-09 18:00:00,18,36,18
17,2017-08-09 20:00:00,8,12,4
17,2017-08-09 22:00:00,8,12,4
17,2017-08-10 00:00:00,2,3,1
17,2017-08-10 02:00:00,0,6,6
17,2017-08-10 04:00:00,3,3,0
17,2017-08-10 06:00:00,86,28,-58
17,2017-08-10 08:00:00,152,54,-98
17,2017-08-10 10:00:00,38,26,-12
17,2017-08-10 12:00:00,38,40,2
17,2017-08-10 14:00:00,35,40,5
17,2017-08-10 16:00:00,72,97,25
17,2017-08-10 18:00:00,90,181,91
17,2017-08-10 20:00:00,38,74,36
17,2017-08-10 22:00:00,25,28,3
17,2017-08-11 00:00:00,7,13,6
17,2017-08-11 02:00:00,3,3,0
17,2017-08-11 04:00:00,1,0,-1
17,2017-08-11 06:00:00,83,21,-62
17,2017-08-11 08:00:00,156,72,-84
17,2017-08-11 10:00:00,34,40,6
17,2017-08-11 12:00:00,49,42,-7
17,2017-08-11 14:00:00,41,45,4
17,2017-08-11 16:00:00,70,113,43
17,2017-08-11 18:00:00,58,111,53
17,2017-08-11 20:00:00,30,44,14
17,2017-08-11 22:00:00,23,22,-1
17,2017-08-12 00:00:00,22,23,1
17,2017-08-12 02:00:00,7,19,12
17,2017-08-12 04:00:00,0,4,4
17,2017-08-12 06:00:00,16,12,-4
17,2017-08-12 08:00:00,47,42,-5
17,2017-08-12 10:00:00,69,61,-8
17,2017-08-12 12:00:00,96,105,9
17,2017-08-12 14:00:00,83,90,7
17,2017-08-12 16:00:00,101,67,-34
17,2017-08-12 18:00:00,67,82,15
17,2017-08-12 20:00:00,29,40,11
17,2017-08-12 22:00:00,14,32,18
17,2017-08-13 00:00:00,21,21,0
17,2017-08-13 02:00:00,7,9,2
17,2017-08-13 04:00:00,4,8,4
17,2017-08-13 06:00:00,9,10,1
17,2017-08-13 08:00:00,29,14,-15
17,2017-08-13 10:00:00,74,52,-22
17,2017-08-13 12:00:00,127,119,-8
17,2017-08-13 14:00:00,139,121,-18
17,2017-08-13 16:00:00,95,134,39
17,2017-08-13 18:00:00,99,116,17
17,2017-08-13 20:00:00,42,45,3
17,2017-08-13 22:00:00,10,17,7
17,2017-08-14 00:00:00,6,9,3
17,2017-08-14 02:00:00,1,4,3
17,2017-08-14 04:00:00,2,3,1
17,2017-08-14 06:00:00,100,25,-75
17,2017-08-14 08:00:00,121,68,-53
17,2017-08-14 10:00:00,22,31,9
17,2017-08-14 12:00:00,36,37,1
17,2017-08-14 14:00:00,33,37,4
17,2017-08-14 16:00:00,70,91,21
17,2017-08-14 18:00:00,91,209,118
17,2017-08-14 20:00:00,44,81,37
17,2017-08-14 22:00:00,17,21,4
17,2017-08-15 00:00:00,2,4,2
17,2017-08-15 02:00:00,0,5,5
17,2017-08-15 04:00:00,4,1,-3
17,2017-08-15 06:00:00,117,29,-88
17,2017-08-15 08:00:00,174,72,-102
17,2017-08-15 10:00:00,48,33,-15
17,2017-08-15 12:00:00,45,45,0
17,2017-08-15 14:00:00,41,46,5
17,2017-08-15 16:00:00,70,108,38
17,2017-08-15 18:00:00,105,255,150
17,2017-08-15 20:00:00,52,86,34
17,2017-08-15 22:00:00,28,39,11
17,2017-08-16 00:00:00,11,18,7
17,2017-08-16 02:00:00,0,5,5
17,2017-08-16 04:00:00,5,1,-4
17,2017-08-16 06:00:00,104,27,-77
17,2017-08-16 08:00:00,167,66,-101
17,2017-08-16 10:00:00,32,33,1
17,2017-08-16 12:00:00,28,36,8
17,2017-08-16 14:00:00,54,32,-22
17,2017-08-16 16:00:00,78,109,31
17,2017-08-16 18:00:00,114,223,109
17,2017-08-16 20:00:00,46,90,44
17,2017-08-16 22:00:00,25,41,16
17,2017-08-17 00:00:00,6,11,5
17,2017-08-17 02:00:00,2,2,0
17,2017-08-17 04:00:00,2,1,-1
17,2017-08-17 06:00:00,59,25,-34
17,2017-08-17 08:00:00,141,51,-90
17,2017-08-17 10:00:00,37,28,-9
17,2017-08-17 12:00:00,45,24,-21
17,2017-08-17 14:00:00,34,29,-5
17,2017-08-17 16:00:00,75,90,15
17,2017-08-17 18:00:00,85,158,73
17,2017-08-17 20:00:00,40,75,35
17,2017-08-17 22:00:00,28,38,10
17,2017-08-18 00:00:00,8,16,8
17,2017-08-18 02:00:00,2,10,8
17,2017-08-18 04:00:00,2,2,0
17,2017-08-18 06:00:00,82,26,-56
17,2017-08-18 08:00:00,150,78,-72
17,2017-08-18 10:00:00,36,35,-1
17,2017-08-18 12:00:00,41,34,-7
17,2017-08-18 14:00:00,26,19,-7
17,2017-08-18 16:00:00,50,54,4
17,2017-08-18 18:00:00,66,128,62
17,2017-08-18 20:00:00,30,55,25
17,2017-08-18 22:00:00,17,34,17
17,2017-08-19 00:00:00,16,18,2
17,2017-08-19 02:00:00,7,10,3
17,2017-08-19 04:00:00,3,1,-2
17,2017-08-19 06:00:00,10,3,-7
17,2017-08-19 08:00:00,61,44,-17
17,2017-08-19 10:00:00,93,77,-16
17,2017-08-19 12:00:00,118,99,-19
17,2017-08-19 14:00:00,98,97,-1
17,2017-08-19 16:00:00,107,107,0
17,2017-08-19 18:00:00,58,101,43
17,2017-08-19 20:00:00,35,40,5
17,2017-08-19 22:00:00,23,24,1
17,2017-08-20 00:00:00,11,12,1
17,2017-08-20 02:00:00,4,10,6
17,2017-08-20 04:00:00,3,5,2
17,2017-08-20 06:00:00,6,8,2
17,2017-08-20 08:00:00,41,21,-20
17,2017-08-20 10:00:00,83,49,-34
17,2017-08-20 12:00:00,120,100,-20
17,2017-08-20 14:00:00,107,110,3
17,2017-08-20 16:00:00,82,99,17
17,2017-08-20 18:00:00,32,51,19
17,2017-08-20 20:00:00,13,15,2
17,2017-08-20 22:00:00,9,5,-4
17,2017-08-21 00:00:00,5,5,0
17,2017-08-21 02:00:00,0,0,0
17,2017-08-21 04:00:00,1,3,2
17,2017-08-21 06:00:00,57,22,-35
17,2017-08-21 08:00:00,115,45,-70
17,2017-08-21 10:00:00,28,18,-10
17,2017-08-21 12:00:00,41,30,-11
17,2017-08-21 14:00:00,30,31,1
17,2017-08-21 16:00:00,60,81,21
17,2017-08-21 18:00:00,92,191,99
17,2017-08-21 20:00:00,49,64,15
17,2017-08-21 22:00:00,15,26,11
17,2017-08-22 00:00:00,4,5,1
17,2017-08-22 02:00:00,2,1,-1
17,2017-08-22 04:00:00,7,1,-6
17,2017-08-22 06:00:00,107,31,-76
17,2017-08-22 08:00:00,147,66,-81
17,2017-08-22 10:00:00,40,27,-13
17,2017-08-22 12:00:00,39,29,-10
17,2017-08-22 14:00:00,27,38,11
17,2017-08-22 16:00:00,64,91,27
17,2017-08-22 18:00:00,89,204,115
17,2017-08-22 20:00:00,56,50,-6
17,2017-08-22 22:00:00,21,32,11
17,2017-08-23 00:00:00,10,16,6
17,2017-08-23 02:00:00,4,2,-2
17,2017-08-23 04:00:00,4,0,-4
17,2017-08-23 06:00:00,120,19,-101
17,2017-08-23 08:00:00,129,65,-64
17,2017-08-23 10:00:00,47,31,-16
17,2017-08-23 12:00:00,24,25,1
17,2017-08-23 14:00:00,35,29,-6
17,2017-08-23 16:00:00,54,97,43
17,2017-08-23 18:00:00,79,178,99
17,2017-08-23 20:00:00,52,87,35
17,2017-08-23 22:00:00,32,35,3
17,2017-08-24 00:00:00,7,7,0
17,2017-08-24 02:00:00,4,8,4
17,2017-08-24 04:00:00,7,3,-4
17,2017-08-24 06:00:00,107,16,-91
17,2017-08-24 08:00:00,173,74,-99
17,2017-08-24 10:00:00,36,38,2
17,2017-08-24 12:00:00,46,36,-10
17,2017-08-24 14:00:00,47,45,-2
17,2017-08-24 16:00:00,58,100,42
17,2017-08-24 18:00:00,87,193,106
17,2017-08-24 20:00:00,28,76,48
17,2017-08-24 22:00:00,19,31,12
17,2017-08-25 00:00:00,8,10,2
17,2017-08-25 02:00:00,1,4,3
17,2017-08-25 04:00:00,6,4,-2
17,2017-08-25 06:00:00,80,18,-62
17,2017-08-25 08:00:00,155,63,-92
17,2017-08-25 10:00:00,47,35,-12
17,2017-08-25 12:00:00,39,48,9
17,2017-08-25 14:00:00,58,62,4
17,2017-08-25 16:00:00,82,108,26
17,2017-08-25 18:00:00,72,127,55
17,2017-08-25 20:00:00,35,74,39
17,2017-08-25 22:00:00,21,31,10
17,2017-08-26 00:00:00,18,22,4
17,2017-08-26 02:00:00,3,13,10
17,2017-08-26 04:00:00,5,4,-1
17,2017-08-26 06:00:00,13,6,-7
17,2017-08-26 08:00:00,48,35,-13
17,2017-08-26 10:00:00,82,59,-23
17,2017-08-26 12:00:00,106,95,-11
17,2017-08-26 14:00:00,115,97,-18
17,2017-08-26 16:00:00,103,124,21
17,2017-08-26 18:00:00,59,84,25
17,2017-08-26 20:00:00,35,42,7
17,2017-08-26 22:00:00,40,39,-1
17,2017-08-27 00:00:00,27,18,-9
17,2017-08-27 02:00:00,10,29,19
17,2017-08-27 04:00:00,4,11,7
17,2017-08-27 06:00:00,23,10,-13
17,2017-08-27 08:00:00,38,21,-17
17,2017-08-27 10:00:00,76,53,-23
17,2017-08-27 12:00:00,110,92,-18
17,2017-08-27 14:00:00,139,92,-47
17,2017-08-27 16:00:00,98,123,25
17,2017-08-27 18:00:00,72,142,70
17,2017-08-27 20:00:00,43,59,16
17,2017-08-27 22:00:00,28,35,7
17,2017-08-28 00:00:00,25,20,-5
17,2017-08-28 02:00:00,7,15,8
17,2017-08-28 04:00:00,1,4,3
17,2017-08-28 06:00:00,6,2,-4
17,2017-08-28 08:00:00,27,24,-3
17,2017-08-28 10:00:00,85,67,-18
17,2017-08-28 12:00:00,174,116,-58
17,2017-08-28 14:00:00,141,121,-20
17,2017-08-28 16:00:00,124,172,48
17,2017-08-28 18:00:00,88,135,47
17,2017-08-28 20:00:00,42,72,30
17,2017-08-28 22:00:00,15,28,13
17,2017-08-29 00:00:00,5,10,5
17,2017-08-29 02:00:00,3,13,10
17,2017-08-29 04:00:00,5,2,-3
17,2017-08-29 06:00:00,116,27,-89
17,2017-08-29 08:00:00,180,67,-113
17,2017-08-29 10:00:00,43,40,-3
17,2017-08-29 12:00:00,39,32,-7
17,2017-08-29 14:00:00,50,40,-10
17,2017-08-29 16:00:00,78,109,31
17,2017-08-29 18:00:00,101,221,120
17,2017-08-29 20:00:00,41,65,24
17,2017-08-29 22:00:00,16,28,12
17,2017-08-30 00:00:00,2,5,3
17,2017-08-30 02:00:00,2,3,1
17,2017-08-30 04:00:00,6,2,-4
17,2017-08-30 06:00:00,108,26,-82
17,2017-08-30 08:00:00,150,58,-92
17,2017-08-30 10:00:00,25,20,-5
17,2017-08-30 12:00:00,3,9,6
17,2017-08-30 14:00:00,8,7,-1
17,2017-08-30 16:00:00,34,44,10
17,2017-08-30 18:00:00,54,132,78
17,2017-08-30 20:00:00,35,49,14
17,2017-08-30 22:00:00,14,16,2
17,2017-08-31 00:00:00,7,19,12
17,2017-08-31 02:00:00,2,8,6
17,2017-08-31 04:00:00,4,1,-3
17,2017-08-31 06:00:00,131,20,-111
17,2017-08-31 08:00:00,165,74,-91
17,2017-08-31 10:00:00,38,32,-6
17,2017-08-31 12:00:00,31,37,6
17,2017-08-31 14:00:00,31,41,10
17,2017-08-31 16:00:00,86,91,5
17,2017-08-31 18:00:00,78,214,136
17,2017-08-31 20:00:00,52,62,10
17,2017-08-31 22:00:00,19,29,10
17,2017-09-01 00:00:00,10,17,7
17,2017-09-01 02:00:00,6,3,-3
17,2017-09-01 04:00:00,9,2,-7
17,2017-09-01 06:00:00,89,30,-59
17,2017-09-01 08:00:00,182,72,-110
17,2017-09-01 10:00:00,46,39,-7
17,2017-09-01 12:00:00,57,53,-4
17,2017-09-01 14:00:00,36,50,14
17,2017-09-01 16:00:00,75,111,36
17,2017-09-01 18:00:00,84,172,88
17,2017-09-01 20:00:00,35,39,4
17,2017-09-01 22:00:00,25,33,8
17,2017-09-02 00:00:00,22,26,4
17,2017-09-02 02:00:00,6,26,20
17,2017-09-02 04:00:00,4,7,3
17,2017-09-02 06:00:00,15,9,-6
17,2017-09-02 08:00:00,41,52,11
17,2017-09-02 10:00:00,92,80,-12
17,2017-09-02 12:00:00,134,112,-22
17,2017-09-02 14:00:00,126,118,-8
17,2017-09-02 16:00:00,101,124,23
17,2017-09-02 18:00:00,93,103,10
17,2017-09-02 20:00:00,36,62,26
17,2017-09-02 22:00:00,30,33,3
17,2017-09-03 00:00:00,25,25,0
17,2017-09-03 02:00:00,8,7,-1
17,2017-09-03 04:00:00,3,4,1
17,2017-09-03 06:00:00,10,6,-4
17,2017-09-03 08:00:00,28,21,-7
17,2017-09-03 10:00:00,91,90,-1
17,2017-09-03 12:00:00,99,97,-2
17,2017-09-03 14:00:00,56,69,13
17,2017-09-03 16:00:00,41,54,13
17,2017-09-03 18:00:00,41,51,10
17,2017-09-03 20:00:00,12,27,15
17,2017-09-03 22:00:00,9,10,1
17,2017-09-04 00:00:00,4,3,-1
17,2017-09-04 02:00:00,0,0,0
17,2017-09-04 04:00:00,6,1,-5
17,2017-09-04 06:00:00,77,20,-57
17,2017-09-04 08:00:00,120,46,-74
17,2017-09-04 10:00:00,31,17,-14
17,2017-09-04 12:00:00,34,30,-4
17,2017-09-04 14:00:00,20,36,16
17,2017-09-04 16:00:00,77,94,17
17,2017-09-04 18:00:00,97,207,110
17,2017-09-04 20:00:00,26,61,35
17,2017-09-04 22:00:00,17,29,12
17,2017-09-05 00:00:00,9,8,-1
17,2017-09-05 02:00:00,2,9,7
17,2017-09-05 04:00:00,4,0,-4
17,2017-09-05 06:00:00,108,34,-74
17,2017-09-05 08:00:00,175,70,-105
17,2017-09-05 10:00:00,36,42,6
17,2017-09-05 12:00:00,43,32,-11
17,2017-09-05 14:00:00,35,44,9
17,2017-09-05 16:00:00,62,71,9
17,2017-09-05 18:00:00,86,172,86
17,2017-09-05 20:00:00,45,70,25
17,2017-09-05 22:00:00,10,22,12
17,2017-09-06 00:00:00,7,4,-3
17,2017-09-06 02:00:00,2,2,0
17,2017-09-06 04:00:00,7,3,-4
17,2017-09-06 06:00:00,115,37,-78
17,2017-09-06 08:00:00,170,63,-107
17,2017-09-06 10:00:00,48,31,-17
17,2017-09-06 12:00:00,35,27,-8
17,2017-09-06 14:00:00,24,43,19
17,2017-09-06 16:00:00,77,83,6
17,2017-09-06 18:00:00,88,219,131
17,2017-09-06 20:00:00,45,62,17
17,2017-09-06 22:00:00,42,37,-5
17,2017-09-07 00:00:00,5,10,5
17,2017-09-07 02:00:00,3,6,3
17,2017-09-07 04:00:00,6,3,-3
17,2017-09-07 06:00:00,105,29,-76
17,2017-09-07 08:00:00,182,74,-108
17,2017-09-07 10:00:00,38,33,-5
17,2017-09-07 12:00:00,35,33,-2
17,2017-09-07 14:00:00,30,53,23
17,2017-09-07 16:00:00,61,103,42
17,2017-09-07 18:00:00,91,218,127
17,2017-09-07 20:00:00,47,73,26
17,2017-09-07 22:00:00,20,32,12
17,2017-09-08 00:00:00,10,15,5
17,2017-09-08 02:00:00,5,8,3
17,2017-09-08 04:00:00,1,1,0
17,2017-09-08 06:00:00,46,18,-28
17,2017-09-08 08:00:00,107,40,-67
17,2017-09-08 10:00:00,29,29,0
17,2017-09-08 12:00:00,14,15,1
17,2017-09-08 14:00:00,28,41,13
17,2017-09-08 16:00:00,56,97,41
17,2017-09-08 18:00:00,58,119,61
17,2017-09-08 20:00:00,18,51,33
17,2017-09-08 22:00:00,21,24,3
17,2017-09-09 00:00:00,23,30,7
17,2017-09-09 02:00:00,4,9,5
17,2017-09-09 04:00:00,2,7,5
17,2017-09-09 06:00:00,14,10,-4
17,2017-09-09 08:00:00,50,46,-4
17,2017-09-09 10:00:00,101,79,-22
17,2017-09-09 12:00:00,124,108,-16
17,2017-09-09 14:00:00,88,109,21
17,2017-09-09 16:00:00,82,95,13
17,2017-09-09 18:00:00,62,121,59
17,2017-09-09 20:00:00,31,40,9
17,2017-09-09 22:00:00,22,19,-3
17,2017-09-10 00:00:00,26,26,0
17,2017-09-10 02:00:00,12,10,-2
17,2017-09-10 04:00:00,6,3,-3
17,2017-09-10 06:00:00,6,3,-3
17,2017-09-10 08:00:00,26,33,7
17,2017-09-10 10:00:00,105,64,-41
17,2017-09-10 12:00:00,100,82,-18
17,2017-09-10 14:00:00,98,90,-8
17,2017-09-10 16:00:00,64,84,20
17,2017-09-10 18:00:00,29,39,10
17,2017-09-10 20:00:00,8,24,16
17,2017-09-10 22:00:00,9,22,13
17,2017-09-11 00:00:00,3,8,5
17,2017-09-11 02:00:00,2,0,-2
17,2017-09-11 04:00:00,4,2,-2
17,2017-09-11 06:00:00,86,23,-63
17,2017-09-11 08:00:00,118,62,-56
17,2017-09-11 10:00:00,33,21,-12
17,2017-09-11 12:00:00,47,35,-12
17,2017-09-11 14:00:00,32,51,19
17,2017-09-11 16:00:00,47,60,13
17,2017-09-11 18:00:00,75,164,89
17,2017-09-11 20:00:00,33,54,21
17,2017-09-11 22:00:00,7,17,10
17,2017-09-12 00:00:00,10,9,-1
17,2017-09-12 02:00:00,3,4,1
17,2017-09-12 04:00:00,6,0,-6
17,2017-09-12 06:00:00,108,34,-74
17,2017-09-12 08:00:00,188,59,-129
17,2017-09-12 10:00:00,52,37,-15
17,2017-09-12 12:00:00,43,41,-2
17,2017-09-12 14:00:00,34,55,21
17,2017-09-12 16:00:00,75,94,19
17,2017-09-12 18:00:00,84,241,157
17,2017-09-12 20:00:00,28,42,14
17,2017-09-12 22:00:00,6,3,-3
17,2017-09-13 00:00:00,3,3,0
17,2017-09-13 02:00:00,0,1,1
17,2017-09-13 04:00:00,7,0,-7
17,2017-09-13 06:00:00,98,25,-73
17,2017-09-13 08:00:00,189,55,-134
17,2017-09-13 10:00:00,29,26,-3
17,2017-09-13 12:00:00,37,27,-10
17,2017-09-13 14:00:00,26,43,17
17,2017-09-13 16:00:00,60,84,24
17,2017-09-13 18:00:00,83,193,110
17,2017-09-13 20:00:00,46,70,24
17,2017-09-13 22:00:00,17,28,11
17,2017-09-14 00:00:00,11,6,-5
17,2017-09-14 02:00:00,1,4,3
17,2017-09-14 04:00:00,6,2,-4
17,2017-09-14 06:00:00,104,27,-77
17,2017-09-14 08:00:00,194,62,-132
17,2017-09-14 10:00:00,50,28,-22
17,2017-09-14 12:00:00,45,34,-11
17,2017-09-14 14:00:00,31,38,7
17,2017-09-14 16:00:00,65,92,27
17,2017-09-14 18:00:00,85,152,67
17,2017-09-14 20:00:00,32,54,22
17,2017-09-14 22:00:00,25,33,8
17,2017-09-15 00:00:00,8,21,13
17,2017-09-15 02:00:00,3,4,1
17,2017-09-15 04:00:00,4,4,0
17,2017-09-15 06:00:00,79,29,-50
17,2017-09-15 08:00:00,257,92,-165
17,2017-09-15 10:00:00,69,45,-24
17,2017-09-15 12:00:00,66,57,-9
17,2017-09-15 14:00:00,63,75,12
17,2017-09-15 16:00:00,100,157,57
17,2017-09-15 18:00:00,72,236,164
17,2017-09-15 20:00:00,22,63,41
17,2017-09-15 22:00:00,20,29,9
17,2017-09-16 00:00:00,24,32,8
17,2017-09-16 02:00:00,8,23,15
17,2017-09-16 04:00:00,4,9,5
17,2017-09-16 06:00:00,13,10,-3
17,2017-09-16 08:00:00,60,43,-17
17,2017-09-16 10:00:00,111,60,-51
17,2017-09-16 12:00:00,85,96,11
17,2017-09-16 14:00:00,97,93,-4
17,2017-09-16 16:00:00,90,77,-13
17,2017-09-16 18:00:00,56,90,34
17,2017-09-16 20:00:00,33,26,-7
17,2017-09-16 22:00:00,20,17,-3
17,2017-09-17 00:00:00,18,18,0
17,2017-09-17 02:00:00,6,17,11
17,2017-09-17 04:00:00,2,11,9
17,2017-09-17 06:00:00,5,5,0
17,2017-09-17 08:00:00,32,22,-10
17,2017-09-17 10:00:00,81,75,-6
17,2017-09-17 12:00:00,100,88,-12
17,2017-09-17 14:00:00,121,92,-29
17,2017-09-17 16:00:00,108,117,9
17,2017-09-17 18:00:00,56,92,36
17,2017-09-17 20:00:00,23,30,7
17,2017-09-17 22:00:00,21,15,-6
17,2017-09-18 00:00:00,6,9,3
17,2017-09-18 02:00:00,0,2,2
17,2017-09-18 04:00:00,9,3,-6
17,2017-09-18 06:00:00,104,27,-77
17,2017-09-18 08:00:00,153,60,-93
17,2017-09-18 10:00:00,38,30,-8
17,2017-09-18 12:00:00,30,28,-2
17,2017-09-18 14:00:00,20,21,1
17,2017-09-18 16:00:00,62,109,47
17,2017-09-18 18:00:00,79,195,116
17,2017-09-18 20:00:00,22,59,37
17,2017-09-18 22:00:00,9,6,-3
17,2017-09-19 00:00:00,2,4,2
17,2017-09-19 02:00:00,1,1,0
17,2017-09-19 04:00:00,10,2,-8
17,2017-09-19 06:00:00,116,37,-79
17,2017-09-19 08:00:00,167,71,-96
17,2017-09-19 10:00:00,44,28,-16
17,2017-09-19 12:00:00,38,35,-3
17,2017-09-19 14:00:00,25,51,26
17,2017-09-19 16:00:00,59,103,44
17,2017-09-19 18:00:00,84,228,144
17,2017-09-19 20:00:00,55,71,16
17,2017-09-19 22:00:00,24,36,12
18,2017-08-01 00:00:00,10,6,-4
18,2017-08-01 02:00:00,1,3,2
18,2017-08-01 04:00:00,10,2,-8
18,2017-08-01 06:00:00,108,8,-100
18,2017-08-01 08:00:00,212,38,-174
18,2017-08-01 10:00:00,43,22,-21
18,2017-08-01 12:00:00,34,28,-6
18,2017-08-01 14:00:00,43,49,6
18,2017-08-01 16:00:00,46,86,40
18,2017-08-01 18:00:00,66,206,140
18,2017-08-01 20:00:00,60,110,50
18,2017-08-01 22:00:00,17,55,38
18,2017-08-02 00:00:00,3,26,23
18,2017-08-02 02:00:00,3,6,3
18,2017-08-02 04:00:00,11,2,-9
18,2017-08-02 06:00:00,104,6,-98
18,2017-08-02 08:00:00,211,39,-172
18,2017-08-02 10:00:00,38,25,-13
18,2017-08-02 12:00:00,19,13,-6
18,2017-08-02 14:00:00,11,12,1
18,2017-08-02 16:00:00,16,48,32
18,2017-08-02 18:00:00,46,158,112
18,2017-08-02 20:00:00,32,81,49
18,2017-08-02 22:00:00,14,53,39
18,2017-08-03 00:00:00,2,17,15
18,2017-08-03 02:00:00,1,2,1
18,2017-08-03 04:00:00,9,2,-7
18,2017-08-03 06:00:00,88,6,-82
18,2017-08-03 08:00:00,207,31,-176
18,2017-08-03 10:00:00,40,21,-19
18,2017-08-03 12:00:00,36,36,0
18,2017-08-03 14:00:00,38,32,-6
18,2017-08-03 16:00:00,53,89,36
18,2017-08-03 18:00:00,59,188,129
18,2017-08-03 20:00:00,64,79,15
18,2017-08-03 22:00:00,13,46,33
18,2017-08-04 00:00:00,10,24,14
18,2017-08-04 02:00:00,2,19,17
18,2017-08-04 04:00:00,4,1,-3
18,2017-08-04 06:00:00,94,11,-83
18,2017-08-04 08:00:00,191,32,-159
18,2017-08-04 10:00:00,48,22,-26
18,2017-08-04 12:00:00,34,37,3
18,2017-08-04 14:00:00,37,44,7
18,2017-08-04 16:00:00,62,104,42
18,2017-08-04 18:00:00,75,120,45
18,2017-08-04 20:00:00,50,64,14
18,2017-08-04 22:00:00,34,76,42
18,2017-08-05 00:00:00,15,49,34
18,2017-08-05 02:00:00,9,32,23
18,2017-08-05 04:00:00,3,5,2
18,2017-08-05 06:00:00,15,7,-8
18,2017-08-05 08:00:00,61,25,-36
18,2017-08-05 10:00:00,116,60,-56
18,2017-08-05 12:00:00,87,68,-19
18,2017-08-05 14:00:00,110,70,-40
18,2017-08-05 16:00:00,72,100,28
18,2017-08-05 18:00:00,90,99,9
18,2017-08-05 20:00:00,58,74,16
18,2017-08-05 22:00:00,28,60,32
18,2017-08-06 00:00:00,9,55,46
18,2017-08-06 02:00:00,6,18,12
18,2017-08-06 04:00:00,5,12,7
18,2017-08-06 06:00:00,7,5,-2
18,2017-08-06 08:00:00,69,19,-50
18,2017-08-06 10:00:00,111,46,-65
18,2017-08-06 12:00:00,135,109,-26
18,2017-08-06 14:00:00,154,113,-41
18,2017-08-06 16:00:00,111,144,33
18,2017-08-06 18:00:00,88,112,24
18,2017-08-06 20:00:00,30,80,50
18,2017-08-06 22:00:00,21,33,12
18,2017-08-07 00:00:00,9,14,5
18,2017-08-07 02:00:00,2,2,0
18,2017-08-07 04:00:00,9,6,-3
18,2017-08-07 06:00:00,89,10,-79
18,2017-08-07 08:00:00,170,30,-140
18,2017-08-07 10:00:00,42,32,-10
18,2017-08-07 12:00:00,37,28,-9
18,2017-08-07 14:00:00,51,39,-12
18,2017-08-07 16:00:00,59,115,56
18,2017-08-07 18:00:00,53,204,151
18,2017-08-07 20:00:00,34,57,23
18,2017-08-07 22:00:00,16,49,33
18,2017-08-08 00:00:00,9,7,-2
18,2017-08-08 02:00:00,2,2,0
18,2017-08-08 04:00:00,6,1,-5
18,2017-08-08 06:00:00,106,8,-98
18,2017-08-08 08:00:00,212,38,-174
18,2017-08-08 10:00:00,42,30,-12
18,2017-08-08 12:00:00,45,44,-1
18,2017-08-08 14:00:00,40,45,5
18,2017-08-08 16:00:00,41,97,56
18,2017-08-08 18:00:00,67,186,119
18,2017-08-08 20:00:00,41,93,52
18,2017-08-08 22:00:00,24,42,18
18,2017-08-09 00:00:00,5,21,16
18,2017-08-09 02:00:00,7,1,-6
18,2017-08-09 04:00:00,9,3,-6
18,2017-08-09 06:00:00,69,8,-61
18,2017-08-09 08:00:00,86,19,-67
18,2017-08-09 10:00:00,12,9,-3
18,2017-08-09 12:00:00,6,6,0
18,2017-08-09 14:00:00,4,5,1
18,2017-08-09 16:00:00,9,19,10
18,2017-08-09 18:00:00,18,41,23
18,2017-08-09 20:00:00,9,25,16
18,2017-08-09 22:00:00,3,23,20
18,2017-08-10 00:00:00,1,22,21
18,2017-08-10 02:00:00,1,1,0
18,2017-08-10 04:00:00,4,0,-4
18,2017-08-10 06:00:00,82,9,-73
18,2017-08-10 08:00:00,180,31,-149
18,2017-08-10 10:00:00,42,16,-26
18,2017-08-10 12:00:00,29,23,-6
18,2017-08-10 14:00:00,45,49,4
18,2017-08-10 16:00:00,46,87,41
18,2017-08-10 18:00:00,75,178,103
18,2017-08-10 20:00:00,38,91,53
18,2017-08-10 22:00:00,18,61,43
18,2017-08-11 00:00:00,8,28,20
18,2017-08-11 02:00:00,1,8,7
18,2017-08-11 04:00:00,3,1,-2
18,2017-08-11 06:00:00,59,13,-46
18,2017-08-11 08:00:00,202,27,-175
18,2017-08-11 10:00:00,45,42,-3
18,2017-08-11 12:00:00,55,41,-14
18,2017-08-11 14:00:00,51,52,1
18,2017-08-11 16:00:00,61,98,37
18,2017-08-11 18:00:00,50,134,84
18,2017-08-11 20:00:00,28,58,30
18,2017-08-11 22:00:00,21,50,29
18,2017-08-12 00:00:00,9,35,26
18,2017-08-12 02:00:00,9,16,7
18,2017-08-12 04:00:00,4,4,0
18,2017-08-12 06:00:00,9,5,-4
18,2017-08-12 08:00:00,59,35,-24
18,2017-08-12 10:00:00,111,45,-66
18,2017-08-12 12:00:00,134,80,-54
18,2017-08-12 14:00:00,99,76,-23
18,2017-08-12 16:00:00,107,92,-15
18,2017-08-12 18:00:00,61,97,36
18,2017-08-12 20:00:00,41,53,12
18,2017-08-12 22:00:00,24,33,9
18,2017-08-13 00:00:00,15,39,24
18,2017-08-13 02:00:00,2,18,16
18,2017-08-13 04:00:00,7,9,2
18,2017-08-13 06:00:00,9,7,-2
18,2017-08-13 08:00:00,60,23,-37
18,2017-08-13 10:00:00,126,61,-65
18,2017-08-13 12:00:00,139,141,2
18,2017-08-13 14:00:00,145,142,-3
18,2017-08-13 16:00:00,138,145,7
18,2017-08-13 18:00:00,102,119,17
18,2017-08-13 20:00:00,44,82,38
18,2017-08-13 22:00:00,13,32,19
18,2017-08-14 00:00:00,5,17,12
18,2017-08-14 02:00:00,1,2,1
18,2017-08-14 04:00:00,8,4,-4
18,2017-08-14 06:00:00,94,10,-84
18,2017-08-14 08:00:00,173,32,-141
18,2017-08-14 10:00:00,30,25,-5
18,2017-08-14 12:00:00,35,24,-11
18,2017-08-14 14:00:00,27,38,11
18,2017-08-14 16:00:00,51,99,48
18,2017-08-14 18:00:00,58,229,171
18,2017-08-14 20:00:00,35,80,45
18,2017-08-14 22:00:00,20,31,11
18,2017-08-15 00:00:00,7,30,23
18,2017-08-15 02:00:00,5,9,4
18,2017-08-15 04:00:00,7,0,-7
18,2017-08-15 06:00:00,104,9,-95
18,2017-08-15 08:00:00,219,25,-194
18,2017-08-15 10:00:00,41,26,-15
18,2017-08-15 12:00:00,46,39,-7
18,2017-08-15 14:00:00,40,34,-6
18,2017-08-15 16:00:00,59,94,35
18,2017-08-15 18:00:00,89,266,177
18,2017-08-15 20:00:00,37,90,53
18,2017-08-15 22:00:00,14,37,23
18,2017-08-16 00:00:00,4,17,13
18,2017-08-16 02:00:00,2,9,7
18,2017-08-16 04:00:00,7,4,-3
18,2017-08-16 06:00:00,108,6,-102
18,2017-08-16 08:00:00,196,35,-161
18,2017-08-16 10:00:00,30,24,-6
18,2017-08-16 12:00:00,33,28,-5
18,2017-08-16 14:00:00,38,37,-1
18,2017-08-16 16:00:00,66,106,40
18,2017-08-16 18:00:00,78,222,144
18,2017-08-16 20:00:00,58,96,38
18,2017-08-16 22:00:00,13,47,34
18,2017-08-17 00:00:00,4,21,17
18,2017-08-17 02:00:00,1,3,2
18,2017-08-17 04:00:00,4,1,-3
18,2017-08-17 06:00:00,60,8,-52
18,2017-08-17 08:00:00,175,28,-147
18,2017-08-17 10:00:00,39,19,-20
18,2017-08-17 12:00:00,31,20,-11
18,2017-08-17 14:00:00,32,22,-10
18,2017-08-17 16:00:00,47,88,41
18,2017-08-17 18:00:00,56,172,116
18,2017-08-17 20:00:00,36,72,36
18,2017-08-17 22:00:00,10,51,41
18,2017-08-18 00:00:00,2,24,22
18,2017-08-18 02:00:00,1,3,2
18,2017-08-18 04:00:00,6,4,-2
18,2017-08-18 06:00:00,74,9,-65
18,2017-08-18 08:00:00,186,36,-150
18,2017-08-18 10:00:00,48,18,-30
18,2017-08-18 12:00:00,26,31,5
18,2017-08-18 14:00:00,31,24,-7
18,2017-08-18 16:00:00,39,65,26
18,2017-08-18 18:00:00,55,104,49
18,2017-08-18 20:00:00,27,46,19
18,2017-08-18 22:00:00,12,41,29
18,2017-08-19 00:00:00,10,31,21
18,2017-08-19 02:00:00,4,11,7
18,2017-08-19 04:00:00,2,4,2
18,2017-08-19 06:00:00,16,11,-5
18,2017-08-19 08:00:00,74,30,-44
18,2017-08-19 10:00:00,116,52,-64
18,2017-08-19 12:00:00,90,77,-13
18,2017-08-19 14:00:00,93,88,-5
18,2017-08-19 16:00:00,81,87,6
18,2017-08-19 18:00:00,66,66,0
18,2017-08-19 20:00:00,46,46,0
18,2017-08-19 22:00:00,15,33,18
18,2017-08-20 00:00:00,13,24,11
18,2017-08-20 02:00:00,2,15,13
18,2017-08-20 04:00:00,1,12,11
18,2017-08-20 06:00:00,9,2,-7
18,2017-08-20 08:00:00,50,13,-37
18,2017-08-20 10:00:00,93,46,-47
18,2017-08-20 12:00:00,128,78,-50
18,2017-08-20 14:00:00,100,89,-11
18,2017-08-20 16:00:00,90,112,22
18,2017-08-20 18:00:00,32,61,29
18,2017-08-20 20:00:00,15,31,16
18,2017-08-20 22:00:00,10,23,13
18,2017-08-21 00:00:00,3,6,3
18,2017-08-21 02:00:00,0,2,2
18,2017-08-21 04:00:00,5,0,-5
18,2017-08-21 06:00:00,46,2,-44
18,2017-08-21 08:00:00,116,28,-88
18,2017-08-21 10:00:00,29,15,-14
18,2017-08-21 12:00:00,32,24,-8
18,2017-08-21 14:00:00,29,35,6
18,2017-08-21 16:00:00,47,70,23
18,2017-08-21 18:00:00,57,174,117
18,2017-08-21 20:00:00,20,67,47
18,2017-08-21 22:00:00,12,27,15
18,2017-08-22 00:00:00,3,15,12
18,2017-08-22 02:00:00,5,3,-2
18,2017-08-22 04:00:00,6,2,-4
18,2017-08-22 06:00:00,100,7,-93
18,2017-08-22 08:00:00,187,30,-157
18,2017-08-22 10:00:00,42,19,-23
18,2017-08-22 12:00:00,35,20,-15
18,2017-08-22 14:00:00,28,30,2
18,2017-08-22 16:00:00,60,102,42
18,2017-08-22 18:00:00,66,208,142
18,2017-08-22 20:00:00,38,68,30
18,2017-08-22 22:00:00,16,37,21
18,2017-08-23 00:00:00,2,17,15
18,2017-08-23 02:00:00,2,7,5
18,2017-08-23 04:00:00,9,5,-4
18,2017-08-23 06:00:00,106,8,-98
18,2017-08-23 08:00:00,197,42,-155
18,2017-08-23 10:00:00,40,37,-3
18,2017-08-23 12:00:00,33,25,-8
18,2017-08-23 14:00:00,27,43,16
18,2017-08-23 16:00:00,59,81,22
18,2017-08-23 18:00:00,58,190,132
18,2017-08-23 20:00:00,29,79,50
18,2017-08-23 22:00:00,16,41,25
18,2017-08-24 00:00:00,3,10,7
18,2017-08-24 02:00:00,1,8,7
18,2017-08-24 04:00:00,5,1,-4
18,2017-08-24 06:00:00,98,8,-90
18,2017-08-24 08:00:00,194,36,-158
18,2017-08-24 10:00:00,32,19,-13
18,2017-08-24 12:00:00,43,30,-13
18,2017-08-24 14:00:00,34,32,-2
18,2017-08-24 16:00:00,51,93,42
18,2017-08-24 18:00:00,69,176,107
18,2017-08-24 20:00:00,30,66,36
18,2017-08-24 22:00:00,13,49,36
18,2017-08-25 00:00:00,6,28,22
18,2017-08-25 02:00:00,4,11,7
18,2017-08-25 04:00:00,5,1,-4
18,2017-08-25 06:00:00,86,15,-71
18,2017-08-25 08:00:00,164,37,-127
18,2017-08-25 10:00:00,54,22,-32
18,2017-08-25 12:00:00,47,46,-1
18,2017-08-25 14:00:00,44,47,3
18,2017-08-25 16:00:00,76,117,41
18,2017-08-25 18:00:00,71,125,54
18,2017-08-25 20:00:00,26,57,31
18,2017-08-25 22:00:00,24,47,23
18,2017-08-26 00:00:00,14,30,16
18,2017-08-26 02:00:00,9,19,10
18,2017-08-26 04:00:00,4,5,1
18,2017-08-26 06:00:00,10,8,-2
18,2017-08-26 08:00:00,58,18,-40
18,2017-08-26 10:00:00,91,46,-45
18,2017-08-26 12:00:00,120,81,-39
18,2017-08-26 14:00:00,110,95,-15
18,2017-08-26 16:00:00,113,120,7
18,2017-08-26 18:00:00,67,105,38
18,2017-08-26 20:00:00,40,50,10
18,2017-08-26 22:00:00,23,37,14
18,2017-08-27 00:00:00,20,34,14
18,2017-08-27 02:00:00,7,19,12
18,2017-08-27 04:00:00,5,10,5
18,2017-08-27 06:00:00,18,10,-8
18,2017-08-27 08:00:00,32,15,-17
18,2017-08-27 10:00:00,106,55,-51
18,2017-08-27 12:00:00,112,100,-12
18,2017-08-27 14:00:00,121,91,-30
18,2017-08-27 16:00:00,125,108,-17
18,2017-08-27 18:00:00,94,136,42
18,2017-08-27 20:00:00,49,71,22
18,2017-08-27 22:00:00,30,55,25
18,2017-08-28 00:00:00,12,44,32
18,2017-08-28 02:00:00,11,19,8
18,2017-08-28 04:00:00,7,12,5
18,2017-08-28 06:00:00,14,4,-10
18,2017-08-28 08:00:00,47,14,-33
18,2017-08-28 10:00:00,110,54,-56
18,2017-08-28 12:00:00,127,100,-27
18,2017-08-28 14:00:00,124,125,1
18,2017-08-28 16:00:00,116,152,36
18,2017-08-28 18:00:00,89,116,27
18,2017-08-28 20:00:00,64,58,-6
18,2017-08-28 22:00:00,20,36,16
18,2017-08-29 00:00:00,8,17,9
18,2017-08-29 02:00:00,2,4,2
18,2017-08-29 04:00:00,7,4,-3
18,2017-08-29 06:00:00,87,10,-77
18,2017-08-29 08:00:00,199,34,-165
18,2017-08-29 10:00:00,41,19,-22
18,2017-08-29 12:00:00,53,41,-12
18,2017-08-29 14:00:00,40,40,0
18,2017-08-29 16:00:00,56,124,68
18,2017-08-29 18:00:00,60,207,147
18,2017-08-29 20:00:00,49,85,36
18,2017-08-29 22:00:00,8,50,42
18,2017-08-30 00:00:00,7,9,2
18,2017-08-30 02:00:00,1,5,4
18,2017-08-30 04:00:00,5,0,-5
18,2017-08-30 06:00:00,88,9,-79
18,2017-08-30 08:00:00,184,35,-149
18,2017-08-30 10:00:00,31,17,-14
18,2017-08-30 12:00:00,17,9,-8
18,2017-08-30 14:00:00,10,10,0
18,2017-08-30 16:00:00,28,59,31
18,2017-08-30 18:00:00,47,117,70
18,2017-08-30 20:00:00,15,71,56
18,2017-08-30 22:00:00,12,46,34
18,2017-08-31 00:00:00,2,11,9
18,2017-08-31 02:00:00,0,2,2
18,2017-08-31 04:00:00,6,1,-5
18,2017-08-31 06:00:00,100,5,-95
18,2017-08-31 08:00:00,217,33,-184
18,2017-08-31 10:00:00,55,27,-28
18,2017-08-31 12:00:00,40,28,-12
18,2017-08-31 14:00:00,31,52,21
18,2017-08-31 16:00:00,54,86,32
18,2017-08-31 18:00:00,69,189,120
18,2017-08-31 20:00:00,33,89,56
18,2017-08-31 22:00:00,26,53,27
18,2017-09-01 00:00:00,8,24,16
18,2017-09-01 02:00:00,3,13,10
18,2017-09-01 04:00:00,10,3,-7
18,2017-09-01 06:00:00,78,13,-65
18,2017-09-01 08:00:00,173,32,-141
18,2017-09-01 10:00:00,57,30,-27
18,2017-09-01 12:00:00,43,43,0
18,2017-09-01 14:00:00,63,45,-18
18,2017-09-01 16:00:00,63,100,37
18,2017-09-01 18:00:00,63,151,88
18,2017-09-01 20:00:00,40,75,35
18,2017-09-01 22:00:00,16,52,36
18,2017-09-02 00:00:00,16,42,26
18,2017-09-02 02:00:00,18,28,10
18,2017-09-02 04:00:00,8,13,5
18,2017-09-02 06:00:00,14,7,-7
18,2017-09-02 08:00:00,62,31,-31
18,2017-09-02 10:00:00,128,65,-63
18,2017-09-02 12:00:00,152,98,-54
18,2017-09-02 14:00:00,135,168,33
18,2017-09-02 16:00:00,135,152,17
18,2017-09-02 18:00:00,89,126,37
18,2017-09-02 20:00:00,50,52,2
18,2017-09-02 22:00:00,30,49,19
18,2017-09-03 00:00:00,9,42,33
18,2017-09-03 02:00:00,4,16,12
18,2017-09-03 04:00:00,8,8,0
18,2017-09-03 06:00:00,8,7,-1
18,2017-09-03 08:00:00,57,30,-27
18,2017-09-03 10:00:00,114,47,-67
18,2017-09-03 12:00:00,133,102,-31
18,2017-09-03 14:00:00,91,94,3
18,2017-09-03 16:00:00,62,73,11
18,2017-09-03 18:00:00,46,70,24
18,2017-09-03 20:00:00,28,28,0
18,2017-09-03 22:00:00,14,27,13
18,2017-09-04 00:00:00,4,12,8
18,2017-09-04 02:00:00,1,1,0
18,2017-09-04 04:00:00,5,4,-1
18,2017-09-04 06:00:00,63,7,-56
18,2017-09-04 08:00:00,144,29,-115
18,2017-09-04 10:00:00,23,17,-6
18,2017-09-04 12:00:00,32,19,-13
18,2017-09-04 14:00:00,23,35,12
18,2017-09-04 16:00:00,50,86,36
18,2017-09-04 18:00:00,67,174,107
18,2017-09-04 20:00:00,29,83,54
18,2017-09-04 22:00:00,17,33,16
18,2017-09-05 00:00:00,3,11,8
18,2017-09-05 02:00:00,3,4,1
18,2017-09-05 04:00:00,7,3,-4
18,2017-09-05 06:00:00,98,11,-87
18,2017-09-05 08:00:00,188,42,-146
18,2017-09-05 10:00:00,42,15,-27
18,2017-09-05 12:00:00,38,19,-19
18,2017-09-05 14:00:00,34,34,0
18,2017-09-05 16:00:00,38,77,39
18,2017-09-05 18:00:00,44,182,138
18,2017-09-05 20:00:00,24,82,58
18,2017-09-05 22:00:00,14,29,15
18,2017-09-06 00:00:00,6,15,9
18,2017-09-06 02:00:00,0,4,4
18,2017-09-06 04:00:00,8,3,-5
18,2017-09-06 06:00:00,109,13,-96
18,2017-09-06 08:00:00,187,38,-149
18,2017-09-06 10:00:00,32,18,-14
18,2017-09-06 12:00:00,42,27,-15
18,2017-09-06 14:00:00,40,37,-3
18,2017-09-06 16:00:00,52,77,25
18,2017-09-06 18:00:00,77,219,142
18,2017-09-06 20:00:00,34,107,73
18,2017-09-06 22:00:00,16,51,35
18,2017-09-07 00:00:00,1,15,14
18,2017-09-07 02:00:00,2,1,-1
18,2017-09-07 04:00:00,7,1,-6
18,2017-09-07 06:00:00,110,11,-99
18,2017-09-07 08:00:00,192,48,-144
18,2017-09-07 10:00:00,52,31,-21
18,2017-09-07 12:00:00,37,29,-8
18,2017-09-07 14:00:00,36,47,11
18,2017-09-07 16:00:00,70,100,30
18,2017-09-07 18:00:00,47,162,115
18,2017-09-07 20:00:00,31,64,33
18,2017-09-07 22:00:00,23,57,34
18,2017-09-08 00:00:00,3,34,31
18,2017-09-08 02:00:00,2,3,1
18,2017-09-08 04:00:00,6,3,-3
18,2017-09-08 06:00:00,42,9,-33
18,2017-09-08 08:00:00,97,19,-78
18,2017-09-08 10:00:00,33,12,-21
18,2017-09-08 12:00:00,7,17,10
18,2017-09-08 14:00:00,30,34,4
18,2017-09-08 16:00:00,57,63,6
18,2017-09-08 18:00:00,40,100,60
18,2017-09-08 20:00:00,22,58,36
18,2017-09-08 22:00:00,18,52,34
18,2017-09-09 00:00:00,9,22,13
18,2017-09-09 02:00:00,5,12,7
18,2017-09-09 04:00:00,6,14,8
18,2017-09-09 06:00:00,10,0,-10
18,2017-09-09 08:00:00,53,31,-22
18,2017-09-09 10:00:00,131,45,-86
18,2017-09-09 12:00:00,153,79,-74
18,2017-09-09 14:00:00,115,72,-43
18,2017-09-09 16:00:00,70,95,25
18,2017-09-09 18:00:00,66,76,10
18,2017-09-09 20:00:00,28,56,28
18,2017-09-09 22:00:00,21,31,10
18,2017-09-10 00:00:00,7,37,30
18,2017-09-10 02:00:00,5,12,7
18,2017-09-10 04:00:00,5,10,5
18,2017-09-10 06:00:00,9,5,-4
18,2017-09-10 08:00:00,46,21,-25
18,2017-09-10 10:00:00,113,54,-59
18,2017-09-10 12:00:00,105,77,-28
18,2017-09-10 14:00:00,96,101,5
18,2017-09-10 16:00:00,40,75,35
18,2017-09-10 18:00:00,24,39,15
18,2017-09-10 20:00:00,16,28,12
18,2017-09-10 22:00:00,8,23,15
18,2017-09-11 00:00:00,6,15,9
18,2017-09-11 02:00:00,0,3,3
18,2017-09-11 04:00:00,5,2,-3
18,2017-09-11 06:00:00,76,11,-65
18,2017-09-11 08:00:00,140,37,-103
18,2017-09-11 10:00:00,37,24,-13
18,2017-09-11 12:00:00,35,24,-11
18,2017-09-11 14:00:00,34,28,-6
18,2017-09-11 16:00:00,37,51,14
18,2017-09-11 18:00:00,56,186,130
18,2017-09-11 20:00:00,16,43,27
18,2017-09-11 22:00:00,11,22,11
18,2017-09-12 00:00:00,2,10,8
18,2017-09-12 02:00:00,1,4,3
18,2017-09-12 04:00:00,6,1,-5
18,2017-09-12 06:00:00,89,13,-76
18,2017-09-12 08:00:00,202,51,-151
18,2017-09-12 10:00:00,46,22,-24
18,2017-09-12 12:00:00,45,35,-10
18,2017-09-12 14:00:00,49,39,-10
18,2017-09-12 16:00:00,60,105,45
18,2017-09-12 18:00:00,60,203,143
18,2017-09-12 20:00:00,16,42,26
18,2017-09-12 22:00:00,4,5,1
18,2017-09-13 00:00:00,3,3,0
18,2017-09-13 02:00:00,2,4,2
18,2017-09-13 04:00:00,6,0,-6
18,2017-09-13 06:00:00,100,6,-94
18,2017-09-13 08:00:00,194,49,-145
18,2017-09-13 10:00:00,35,24,-11
18,2017-09-13 12:00:00,35,22,-13
18,2017-09-13 14:00:00,31,23,-8
18,2017-09-13 16:00:00,49,79,30
18,2017-09-13 18:00:00,58,174,116
18,2017-09-13 20:00:00,36,70,34
18,2017-09-13 22:00:00,13,52,39
18,2017-09-14 00:00:00,4,21,17
18,2017-09-14 02:00:00,2,8,6
18,2017-09-14 04:00:00,5,3,-2
18,2017-09-14 06:00:00,93,9,-84
18,2017-09-14 08:00:00,181,41,-140
18,2017-09-14 10:00:00,36,18,-18
18,2017-09-14 12:00:00,37,32,-5
18,2017-09-14 14:00:00,40,30,-10
18,2017-09-14 16:00:00,52,79,27
18,2017-09-14 18:00:00,68,129,61
18,2017-09-14 20:00:00,24,69,45
18,2017-09-14 22:00:00,9,56,47
18,2017-09-15 00:00:00,5,19,14
18,2017-09-15 02:00:00,2,4,2
18,2017-09-15 04:00:00,5,4,-1
18,2017-09-15 06:00:00,76,9,-67
18,2017-09-15 08:00:00,167,37,-130
18,2017-09-15 10:00:00,36,27,-9
18,2017-09-15 12:00:00,48,28,-20
18,2017-09-15 14:00:00,50,61,11
18,2017-09-15 16:00:00,44,66,22
18,2017-09-15 18:00:00,27,94,67
18,2017-09-15 20:00:00,20,34,14
18,2017-09-15 22:00:00,16,41,25
18,2017-09-16 00:00:00,7,41,34
18,2017-09-16 02:00:00,5,5,0
18,2017-09-16 04:00:00,3,7,4
18,2017-09-16 06:00:00,12,5,-7
18,2017-09-16 08:00:00,67,28,-39
18,2017-09-16 10:00:00,98,62,-36
18,2017-09-16 12:00:00,101,65,-36
18,2017-09-16 14:00:00,109,67,-42
18,2017-09-16 16:00:00,72,81,9
18,2017-09-16 18:00:00,53,77,24
18,2017-09-16 20:00:00,24,39,15
18,2017-09-16 22:00:00,14,21,7
18,2017-09-17 00:00:00,21,35,14
18,2017-09-17 02:00:00,8,19,11
18,2017-09-17 04:00:00,1,5,4
18,2017-09-17 06:00:00,11,4,-7
18,2017-09-17 08:00:00,50,16,-34
18,2017-09-17 10:00:00,88,60,-28
18,2017-09-17 12:00:00,111,77,-34
18,2017-09-17 14:00:00,100,97,-3
18,2017-09-17 16:00:00,95,113,18
18,2017-09-17 18:00:00,51,85,34
18,2017-09-17 20:00:00,23,43,20
18,2017-09-17 22:00:00,7,20,13
18,2017-09-18 00:00:00,6,6,0
18,2017-09-18 02:00:00,3,5,2
18,2017-09-18 04:00:00,6,3,-3
18,2017-09-18 06:00:00,72,10,-62
18,2017-09-18 08:00:00,164,31,-133
18,2017-09-18 10:00:00,25,24,-1
18,2017-09-18 12:00:00,36,24,-12
18,2017-09-18 14:00:00,25,28,3
18,2017-09-18 16:00:00,49,88,39
18,2017-09-18 18:00:00,49,180,131
18,2017-09-18 20:00:00,16,56,40
18,2017-09-18 22:00:00,16,18,2
18,2017-09-19 00:00:00,5,8,3
18,2017-09-19 02:00:00,0,4,4
18,2017-09-19 04:00:00,5,1,-4
18,2017-09-19 06:00:00,89,11,-78
18,2017-09-19 08:00:00,178,47,-131
18,2017-09-19 10:00:00,43,28,-15
18,2017-09-19 12:00:00,38,24,-14
18,2017-09-19 14:00:00,33,37,4
18,2017-09-19 16:00:00,59,92,33
18,2017-09-19 18:00:00,68,210,142
18,2017-09-19 20:00:00,33,68,35
18,2017-09-19 22:00:00,15,35,20
19,2017-08-01 00:00:00,14,3,-11
19,2017-08-01 02:00:00,2,4,2
19,2017-08-01 04:00:00,6,5,-1
19,2017-08-01 06:00:00,30,94,64
19,2017-08-01 08:00:00,130,262,132
19,2017-08-01 10:00:00,93,118,25
19,2017-08-01 12:00:00,125,127,2
19,2017-08-01 14:00:00,158,170,12
19,2017-08-01 16:00:00,275,219,-56
19,2017-08-01 18:00:00,311,210,-101
19,2017-08-01 20:00:00,99,66,-33
19,2017-08-01 22:00:00,33,23,-10
19,2017-08-02 00:00:00,16,8,-8
19,2017-08-02 02:00:00,3,1,-2
19,2017-08-02 04:00:00,2,4,2
19,2017-08-02 06:00:00,29,88,59
19,2017-08-02 08:00:00,112,249,137
19,2017-08-02 10:00:00,67,102,35
19,2017-08-02 12:00:00,63,102,39
19,2017-08-02 14:00:00,18,11,-7
19,2017-08-02 16:00:00,96,49,-47
19,2017-08-02 18:00:00,151,101,-50
19,2017-08-02 20:00:00,63,40,-23
19,2017-08-02 22:00:00,25,8,-17
19,2017-08-03 00:00:00,13,9,-4
19,2017-08-03 02:00:00,6,0,-6
19,2017-08-03 04:00:00,6,5,-1
19,2017-08-03 06:00:00,34,88,54
19,2017-08-03 08:00:00,120,231,111
19,2017-08-03 10:00:00,81,85,4
19,2017-08-03 12:00:00,109,121,12
19,2017-08-03 14:00:00,148,106,-42
19,2017-08-03 16:00:00,208,148,-60
19,2017-08-03 18:00:00,206,139,-67
19,2017-08-03 20:00:00,99,71,-28
19,2017-08-03 22:00:00,49,27,-22
19,2017-08-04 00:00:00,19,13,-6
19,2017-08-04 02:00:00,3,1,-2
19,2017-08-04 04:00:00,4,3,-1
19,2017-08-04 06:00:00,32,92,60
19,2017-08-04 08:00:00,98,217,119
19,2017-08-04 10:00:00,96,122,26
19,2017-08-04 12:00:00,151,148,-3
19,2017-08-04 14:00:00,158,118,-40
19,2017-08-04 16:00:00,215,154,-61
19,2017-08-04 18:00:00,187,147,-40
19,2017-08-04 20:00:00,88,61,-27
19,2017-08-04 22:00:00,50,43,-7
19,2017-08-05 00:00:00,27,17,-10
19,2017-08-05 02:00:00,8,4,-4
19,2017-08-05 04:00:00,2,3,1
19,2017-08-05 06:00:00,6,17,11
19,2017-08-05 08:00:00,27,50,23
19,2017-08-05 10:00:00,102,160,58
19,2017-08-05 12:00:00,134,141,7
19,2017-08-05 14:00:00,166,156,-10
19,2017-08-05 16:00:00,151,150,-1
19,2017-08-05 18:00:00,206,142,-64
19,2017-08-05 20:00:00,85,77,-8
19,2017-08-05 22:00:00,39,33,-6
19,2017-08-06 00:00:00,21,25,4
19,2017-08-06 02:00:00,10,4,-6
19,2017-08-06 04:00:00,1,4,3
19,2017-08-06 06:00:00,9,15,6
19,2017-08-06 08:00:00,19,47,28
19,2017-08-06 10:00:00,116,130,14
19,2017-08-06 12:00:00,165,206,41
19,2017-08-06 14:00:00,221,213,-8
19,2017-08-06 16:00:00,248,243,-5
19,2017-08-06 18:00:00,144,93,-51
19,2017-08-06 20:00:00,73,71,-2
19,2017-08-06 22:00:00,41,31,-10
19,2017-08-07 00:00:00,9,6,-3
19,2017-08-07 02:00:00,4,1,-3
19,2017-08-07 04:00:00,4,2,-2
19,2017-08-07 06:00:00,33,80,47
19,2017-08-07 08:00:00,79,183,104
19,2017-08-07 10:00:00,74,86,12
19,2017-08-07 12:00:00,101,104,3
19,2017-08-07 14:00:00,134,99,-35
19,2017-08-07 16:00:00,235,162,-73
19,2017-08-07 18:00:00,186,118,-68
19,2017-08-07 20:00:00,50,33,-17
19,2017-08-07 22:00:00,26,10,-16
19,2017-08-08 00:00:00,10,4,-6
19,2017-08-08 02:00:00,4,2,-2
19,2017-08-08 04:00:00,2,4,2
19,2017-08-08 06:00:00,36,89,53
19,2017-08-08 08:00:00,107,219,112
19,2017-08-08 10:00:00,68,90,22
19,2017-08-08 12:00:00,109,106,-3
19,2017-08-08 14:00:00,78,91,13
19,2017-08-08 16:00:00,168,116,-52
19,2017-08-08 18:00:00,204,140,-64
19,2017-08-08 20:00:00,90,49,-41
19,2017-08-08 22:00:00,33,14,-19
19,2017-08-09 00:00:00,17,7,-10
19,2017-08-09 02:00:00,3,2,-1
19,2017-08-09 04:00:00,3,4,1
19,2017-08-09 06:00:00,22,68,46
19,2017-08-09 08:00:00,37,107,70
19,2017-08-09 10:00:00,9,18,9
19,2017-08-09 12:00:00,11,21,10
19,2017-08-09 14:00:00,5,6,1
19,2017-08-09 16:00:00,35,20,-15
19,2017-08-09 18:00:00,22,14,-8
19,2017-08-09 20:00:00,12,5,-7
19,2017-08-09 22:00:00,22,2,-20
19,2017-08-10 00:00:00,6,8,2
19,2017-08-10 02:00:00,9,1,-8
19,2017-08-10 04:00:00,5,6,1
19,2017-08-10 06:00:00,25,68,43
19,2017-08-10 08:00:00,91,203,112
19,2017-08-10 10:00:00,66,91,25
19,2017-08-10 12:00:00,107,105,-2
19,2017-08-10 14:00:00,146,135,-11
19,2017-08-10 16:00:00,221,173,-48
19,2017-08-10 18:00:00,244,170,-74
19,2017-08-10 20:00:00,103,66,-37
19,2017-08-10 22:00:00,39,25,-14
19,2017-08-11 00:00:00,20,10,-10
19,2017-08-11 02:00:00,1,2,1
19,2017-08-11 04:00:00,5,9,4
19,2017-08-11 06:00:00,30,67,37
19,2017-08-11 08:00:00,113,222,109
19,2017-08-11 10:00:00,75,113,38
19,2017-08-11 12:00:00,151,135,-16
19,2017-08-11 14:00:00,130,111,-19
19,2017-08-11 16:00:00,235,199,-36
19,2017-08-11 18:00:00,194,130,-64
19,2017-08-11 20:00:00,69,46,-23
19,2017-08-11 22:00:00,32,26,-6
19,2017-08-12 00:00:00,26,9,-17
19,2017-08-12 02:00:00,8,1,-7
19,2017-08-12 04:00:00,4,6,2
19,2017-08-12 06:00:00,9,18,9
19,2017-08-12 08:00:00,33,62,29
19,2017-08-12 10:00:00,75,145,70
19,2017-08-12 12:00:00,173,180,7
19,2017-08-12 14:00:00,220,278,58
19,2017-08-12 16:00:00,232,230,-2
19,2017-08-12 18:00:00,211,164,-47
19,2017-08-12 20:00:00,126,66,-60
19,2017-08-12 22:00:00,68,39,-29
19,2017-08-13 00:00:00,15,17,2
19,2017-08-13 02:00:00,13,7,-6
19,2017-08-13 04:00:00,3,5,2
19,2017-08-13 06:00:00,2,12,10
19,2017-08-13 08:00:00,35,52,17
19,2017-08-13 10:00:00,131,173,42
19,2017-08-13 12:00:00,217,318,101
19,2017-08-13 14:00:00,299,312,13
19,2017-08-13 16:00:00,356,279,-77
19,2017-08-13 18:00:00,198,196,-2
19,2017-08-13 20:00:00,132,80,-52
19,2017-08-13 22:00:00,34,28,-6
19,2017-08-14 00:00:00,13,5,-8
19,2017-08-14 02:00:00,2,9,7
19,2017-08-14 04:00:00,2,4,2
19,2017-08-14 06:00:00,41,75,34
19,2017-08-14 08:00:00,108,218,110
19,2017-08-14 10:00:00,97,121,24
19,2017-08-14 12:00:00,166,145,-21
19,2017-08-14 14:00:00,168,137,-31
19,2017-08-14 16:00:00,256,203,-53
19,2017-08-14 18:00:00,329,197,-132
19,2017-08-14 20:00:00,111,101,-10
19,2017-08-14 22:00:00,30,19,-11
19,2017-08-15 00:00:00,12,8,-4
19,2017-08-15 02:00:00,5,3,-2
19,2017-08-15 04:00:00,5,4,-1
19,2017-08-15 06:00:00,39,79,40
19,2017-08-15 08:00:00,119,238,119
19,2017-08-15 10:00:00,110,120,10
19,2017-08-15 12:00:00,145,139,-6
19,2017-08-15 14:00:00,131,162,31
19,2017-08-15 16:00:00,231,148,-83
19,2017-08-15 18:00:00,249,199,-50
19,2017-08-15 20:00:00,143,102,-41
19,2017-08-15 22:00:00,57,29,-28
19,2017-08-16 00:00:00,21,4,-17
19,2017-08-16 02:00:00,7,0,-7
19,2017-08-16 04:00:00,7,1,-6
19,2017-08-16 06:00:00,43,84,41
19,2017-08-16 08:00:00,120,242,122
19,2017-08-16 10:00:00,92,98,6
19,2017-08-16 12:00:00,103,100,-3
19,2017-08-16 14:00:00,126,139,13
19,2017-08-16 16:00:00,233,139,-94
19,2017-08-16 18:00:00,217,188,-29
19,2017-08-16 20:00:00,94,76,-18
19,2017-08-16 22:00:00,38,25,-13
19,2017-08-17 00:00:00,11,5,-6
19,2017-08-17 02:00:00,4,0,-4
19,2017-08-17 04:00:00,0,4,4
19,2017-08-17 06:00:00,28,43,15
19,2017-08-17 08:00:00,73,162,89
19,2017-08-17 10:00:00,56,93,37
19,2017-08-17 12:00:00,84,92,8
19,2017-08-17 14:00:00,121,119,-2
19,2017-08-17 16:00:00,225,135,-90
19,2017-08-17 18:00:00,167,158,-9
19,2017-08-17 20:00:00,95,54,-41
19,2017-08-17 22:00:00,27,30,3
19,2017-08-18 00:00:00,14,8,-6
19,2017-08-18 02:00:00,5,1,-4
19,2017-08-18 04:00:00,0,2,2
19,2017-08-18 06:00:00,37,61,24
19,2017-08-18 08:00:00,99,203,104
19,2017-08-18 10:00:00,75,109,34
19,2017-08-18 12:00:00,82,103,21
19,2017-08-18 14:00:00,62,61,-1
19,2017-08-18 16:00:00,129,80,-49
19,2017-08-18 18:00:00,164,119,-45
19,2017-08-18 20:00:00,89,53,-36
19,2017-08-18 22:00:00,33,30,-3
19,2017-08-19 00:00:00,21,13,-8
19,2017-08-19 02:00:00,10,2,-8
19,2017-08-19 04:00:00,6,1,-5
19,2017-08-19 06:00:00,10,17,7
19,2017-08-19 08:00:00,29,75,46
19,2017-08-19 10:00:00,90,141,51
19,2017-08-19 12:00:00,149,213,64
19,2017-08-19 14:00:00,234,211,-23
19,2017-08-19 16:00:00,230,234,4
19,2017-08-19 18:00:00,228,174,-54
19,2017-08-19 20:00:00,80,43,-37
19,2017-08-19 22:00:00,25,47,22
19,2017-08-20 00:00:00,21,22,1
19,2017-08-20 02:00:00,6,6,0
19,2017-08-20 04:00:00,5,6,1
19,2017-08-20 06:00:00,3,10,7
19,2017-08-20 08:00:00,33,61,28
19,2017-08-20 10:00:00,98,173,75
19,2017-08-20 12:00:00,237,235,-2
19,2017-08-20 14:00:00,207,238,31
19,2017-08-20 16:00:00,232,201,-31
19,2017-08-20 18:00:00,93,80,-13
19,2017-08-20 20:00:00,31,17,-14
19,2017-08-20 22:00:00,10,5,-5
19,2017-08-21 00:00:00,5,3,-2
19,2017-08-21 02:00:00,5,0,-5
19,2017-08-21 04:00:00,7,2,-5
19,2017-08-21 06:00:00,18,36,18
19,2017-08-21 08:00:00,62,146,84
19,2017-08-21 10:00:00,53,64,11
19,2017-08-21 12:00:00,78,87,9
19,2017-08-21 14:00:00,142,106,-36
19,2017-08-21 16:00:00,191,182,-9
19,2017-08-21 18:00:00,225,155,-70
19,2017-08-21 20:00:00,86,29,-57
19,2017-08-21 22:00:00,23,21,-2
19,2017-08-22 00:00:00,12,9,-3
19,2017-08-22 02:00:00,5,0,-5
19,2017-08-22 04:00:00,2,2,0
19,2017-08-22 06:00:00,41,70,29
19,2017-08-22 08:00:00,90,218,128
19,2017-08-22 10:00:00,60,99,39
19,2017-08-22 12:00:00,95,92,-3
19,2017-08-22 14:00:00,169,117,-52
19,2017-08-22 16:00:00,201,161,-40
19,2017-08-22 18:00:00,202,119,-83
19,2017-08-22 20:00:00,65,55,-10
19,2017-08-22 22:00:00,27,22,-5
19,2017-08-23 00:00:00,16,3,-13
19,2017-08-23 02:00:00,9,2,-7
19,2017-08-23 04:00:00,5,4,-1
19,2017-08-23 06:00:00,36,87,51
19,2017-08-23 08:00:00,94,210,116
19,2017-08-23 10:00:00,94,80,-14
19,2017-08-23 12:00:00,102,84,-18
19,2017-08-23 14:00:00,90,95,5
19,2017-08-23 16:00:00,193,156,-37
19,2017-08-23 18:00:00,243,194,-49
19,2017-08-23 20:00:00,92,64,-28
19,2017-08-23 22:00:00,39,22,-17
19,2017-08-24 00:00:00,7,4,-3
19,2017-08-24 02:00:00,13,9,-4
19,2017-08-24 04:00:00,1,3,2
19,2017-08-24 06:00:00,40,76,36
19,2017-08-24 08:00:00,95,217,122
19,2017-08-24 10:00:00,75,95,20
19,2017-08-24 12:00:00,116,114,-2
19,2017-08-24 14:00:00,86,119,33
19,2017-08-24 16:00:00,193,173,-20
19,2017-08-24 18:00:00,232,161,-71
19,2017-08-24 20:00:00,103,73,-30
19,2017-08-24 22:00:00,47,41,-6
19,2017-08-25 00:00:00,20,9,-11
19,2017-08-25 02:00:00,11,2,-9
19,2017-08-25 04:00:00,3,4,1
19,2017-08-25 06:00:00,31,74,43
19,2017-08-25 08:00:00,88,171,83
19,2017-08-25 10:00:00,76,111,35
19,2017-08-25 12:00:00,158,160,2
19,2017-08-25 14:00:00,180,126,-54
19,2017-08-25 16:00:00,256,200,-56
19,2017-08-25 18:00:00,195,175,-20
19,2017-08-25 20:00:00,102,79,-23
19,2017-08-25 22:00:00,56,45,-11
19,2017-08-26 00:00:00,23,17,-6
19,2017-08-26 02:00:00,15,13,-2
19,2017-08-26 04:00:00,3,4,1
19,2017-08-26 06:00:00,7,20,13
19,2017-08-26 08:00:00,29,48,19
19,2017-08-26 10:00:00,114,119,5
19,2017-08-26 12:00:00,217,254,37
19,2017-08-26 14:00:00,290,294,4
19,2017-08-26 16:00:00,243,244,1
19,2017-08-26 18:00:00,183,145,-38
19,2017-08-26 20:00:00,91,54,-37
19,2017-08-26 22:00:00,36,28,-8
19,2017-08-27 00:00:00,13,20,7
19,2017-08-27 02:00:00,17,16,-1
19,2017-08-27 04:00:00,7,2,-5
19,2017-08-27 06:00:00,15,19,4
19,2017-08-27 08:00:00,35,54,19
19,2017-08-27 10:00:00,102,153,51
19,2017-08-27 12:00:00,203,255,52
19,2017-08-27 14:00:00,270,312,42
19,2017-08-27 16:00:00,302,290,-12
19,2017-08-27 18:00:00,224,213,-11
19,2017-08-27 20:00:00,127,90,-37
19,2017-08-27 22:00:00,52,56,4
19,2017-08-28 00:00:00,45,31,-14
19,2017-08-28 02:00:00,9,12,3
19,2017-08-28 04:00:00,6,6,0
19,2017-08-28 06:00:00,12,24,12
19,2017-08-28 08:00:00,32,75,43
19,2017-08-28 10:00:00,102,133,31
19,2017-08-28 12:00:00,277,314,37
19,2017-08-28 14:00:00,330,332,2
19,2017-08-28 16:00:00,331,270,-61
19,2017-08-28 18:00:00,199,185,-14
19,2017-08-28 20:00:00,146,79,-67
19,2017-08-28 22:00:00,39,26,-13
19,2017-08-29 00:00:00,14,10,-4
19,2017-08-29 02:00:00,6,7,1
19,2017-08-29 04:00:00,6,7,1
19,2017-08-29 06:00:00,42,82,40
19,2017-08-29 08:00:00,108,205,97
19,2017-08-29 10:00:00,84,101,17
19,2017-08-29 12:00:00,123,120,-3
19,2017-08-29 14:00:00,124,127,3
19,2017-08-29 16:00:00,226,175,-51
19,2017-08-29 18:00:00,259,155,-104
19,2017-08-29 20:00:00,89,71,-18
19,2017-08-29 22:00:00,34,16,-18
19,2017-08-30 00:00:00,9,4,-5
19,2017-08-30 02:00:00,8,1,-7
19,2017-08-30 04:00:00,3,7,4
19,2017-08-30 06:00:00,38,69,31
19,2017-08-30 08:00:00,94,216,122
19,2017-08-30 10:00:00,40,71,31
19,2017-08-30 12:00:00,30,26,-4
19,2017-08-30 14:00:00,21,13,-8
19,2017-08-30 16:00:00,77,33,-44
19,2017-08-30 18:00:00,121,102,-19
19,2017-08-30 20:00:00,69,35,-34
19,2017-08-30 22:00:00,24,15,-9
19,2017-08-31 00:00:00,11,10,-1
19,2017-08-31 02:00:00,9,7,-2
19,2017-08-31 04:00:00,2,5,3
19,2017-08-31 06:00:00,35,78,43
19,2017-08-31 08:00:00,102,219,117
19,2017-08-31 10:00:00,76,97,21
19,2017-08-31 12:00:00,134,103,-31
19,2017-08-31 14:00:00,110,127,17
19,2017-08-31 16:00:00,212,172,-40
19,2017-08-31 18:00:00,256,155,-101
19,2017-08-31 20:00:00,85,46,-39
19,2017-08-31 22:00:00,45,28,-17
19,2017-09-01 00:00:00,19,7,-12
19,2017-09-01 02:00:00,5,4,-1
19,2017-09-01 04:00:00,3,4,1
19,2017-09-01 06:00:00,32,83,51
19,2017-09-01 08:00:00,108,244,136
19,2017-09-01 10:00:00,74,72,-2
19,2017-09-01 12:00:00,139,160,21
19,2017-09-01 14:00:00,185,157,-28
19,2017-09-01 16:00:00,221,210,-11
19,2017-09-01 18:00:00,230,171,-59
19,2017-09-01 20:00:00,108,76,-32
19,2017-09-01 22:00:00,49,26,-23
19,2017-09-02 00:00:00,26,13,-13
19,2017-09-02 02:00:00,11,7,-4
19,2017-09-02 04:00:00,6,2,-4
19,2017-09-02 06:00:00,10,22,12
19,2017-09-02 08:00:00,39,72,33
19,2017-09-02 10:00:00,153,175,22
19,2017-09-02 12:00:00,224,241,17
19,2017-09-02 14:00:00,259,302,43
19,2017-09-02 16:00:00,278,280,2
19,2017-09-02 18:00:00,226,188,-38
19,2017-09-02 20:00:00,81,57,-24
19,2017-09-02 22:00:00,61,49,-12
19,2017-09-03 00:00:00,24,17,-7
19,2017-09-03 02:00:00,9,5,-4
19,2017-09-03 04:00:00,5,3,-2
19,2017-09-03 06:00:00,10,18,8
19,2017-09-03 08:00:00,39,54,15
19,2017-09-03 10:00:00,113,172,59
19,2017-09-03 12:00:00,191,229,38
19,2017-09-03 14:00:00,174,175,1
19,2017-09-03 16:00:00,139,139,0
19,2017-09-03 18:00:00,79,81,2
19,2017-09-03 20:00:00,40,15,-25
19,2017-09-03 22:00:00,8,7,-1
19,2017-09-04 00:00:00,4,1,-3
19,2017-09-04 02:00:00,2,1,-1
19,2017-09-04 04:00:00,3,4,1
19,2017-09-04 06:00:00,29,65,36
19,2017-09-04 08:00:00,57,177,120
19,2017-09-04 10:00:00,48,56,8
19,2017-09-04 12:00:00,95,89,-6
19,2017-09-04 14:00:00,100,75,-25
19,2017-09-04 16:00:00,179,131,-48
19,2017-09-04 18:00:00,271,151,-120
19,2017-09-04 20:00:00,77,54,-23
19,2017-09-04 22:00:00,52,8,-44
19,2017-09-05 00:00:00,22,15,-7
19,2017-09-05 02:00:00,7,6,-1
19,2017-09-05 04:00:00,2,6,4
19,2017-09-05 06:00:00,43,93,50
19,2017-09-05 08:00:00,106,244,138
19,2017-09-05 10:00:00,57,96,39
19,2017-09-05 12:00:00,116,99,-17
19,2017-09-05 14:00:00,81,107,26
19,2017-09-05 16:00:00,143,110,-33
19,2017-09-05 18:00:00,219,125,-94
19,2017-09-05 20:00:00,72,36,-36
19,2017-09-05 22:00:00,22,10,-12
19,2017-09-06 00:00:00,10,6,-4
19,2017-09-06 02:00:00,6,5,-1
19,2017-09-06 04:00:00,4,3,-1
19,2017-09-06 06:00:00,45,111,66
19,2017-09-06 08:00:00,130,224,94
19,2017-09-06 10:00:00,69,106,37
19,2017-09-06 12:00:00,111,100,-11
19,2017-09-06 14:00:00,130,139,9
19,2017-09-06 16:00:00,214,133,-81
19,2017-09-06 18:00:00,260,195,-65
19,2017-09-06 20:00:00,82,63,-19
19,2017-09-06 22:00:00,55,45,-10
19,2017-09-07 00:00:00,15,15,0
19,2017-09-07 02:00:00,5,1,-4
19,2017-09-07 04:00:00,4,5,1
19,2017-09-07 06:00:00,41,87,46
19,2017-09-07 08:00:00,128,236,108
19,2017-09-07 10:00:00,78,109,31
19,2017-09-07 12:00:00,98,80,-18
19,2017-09-07 14:00:00,113,132,19
19,2017-09-07 16:00:00,203,160,-43
19,2017-09-07 18:00:00,222,150,-72
19,2017-09-07 20:00:00,74,49,-25
19,2017-09-07 22:00:00,35,26,-9
19,2017-09-08 00:00:00,24,9,-15
19,2017-09-08 02:00:00,1,3,2
19,2017-09-08 04:00:00,2,8,6
19,2017-09-08 06:00:00,14,47,33
19,2017-09-08 08:00:00,48,121,73
19,2017-09-08 10:00:00,64,71,7
19,2017-09-08 12:00:00,18,21,3
19,2017-09-08 14:00:00,75,60,-15
19,2017-09-08 16:00:00,159,119,-40
19,2017-09-08 18:00:00,167,119,-48
19,2017-09-08 20:00:00,41,27,-14
19,2017-09-08 22:00:00,27,18,-9
19,2017-09-09 00:00:00,25,6,-19
19,2017-09-09 02:00:00,7,7,0
19,2017-09-09 04:00:00,2,3,1
19,2017-09-09 06:00:00,10,16,6
19,2017-09-09 08:00:00,36,74,38
19,2017-09-09 10:00:00,115,146,31
19,2017-09-09 12:00:00,208,276,68
19,2017-09-09 14:00:00,222,265,43
19,2017-09-09 16:00:00,207,192,-15
19,2017-09-09 18:00:00,155,96,-59
19,2017-09-09 20:00:00,61,31,-30
19,2017-09-09 22:00:00,49,26,-23
19,2017-09-10 00:00:00,23,19,-4
19,2017-09-10 02:00:00,12,7,-5
19,2017-09-10 04:00:00,9,0,-9
19,2017-09-10 06:00:00,5,11,6
19,2017-09-10 08:00:00,33,59,26
19,2017-09-10 10:00:00,101,145,44
19,2017-09-10 12:00:00,175,229,54
19,2017-09-10 14:00:00,186,190,4
19,2017-09-10 16:00:00,156,126,-30
19,2017-09-10 18:00:00,31,32,1
19,2017-09-10 20:00:00,34,16,-18
19,2017-09-10 22:00:00,14,11,-3
19,2017-09-11 00:00:00,8,3,-5
19,2017-09-11 02:00:00,0,0,0
19,2017-09-11 04:00:00,2,5,3
19,2017-09-11 06:00:00,32,73,41
19,2017-09-11 08:00:00,98,153,55
19,2017-09-11 10:00:00,34,74,40
19,2017-09-11 12:00:00,105,103,-2
19,2017-09-11 14:00:00,109,93,-16
19,2017-09-11 16:00:00,109,91,-18
19,2017-09-11 18:00:00,191,111,-80
19,2017-09-11 20:00:00,50,31,-19
19,2017-09-11 22:00:00,22,20,-2
19,2017-09-12 00:00:00,16,5,-11
19,2017-09-12 02:00:00,7,6,-1
19,2017-09-12 04:00:00,3,2,-1
19,2017-09-12 06:00:00,42,95,53
19,2017-09-12 08:00:00,122,244,122
19,2017-09-12 10:00:00,76,82,6
19,2017-09-12 12:00:00,108,96,-12
19,2017-09-12 14:00:00,127,105,-22
19,2017-09-12 16:00:00,193,130,-63
19,2017-09-12 18:00:00,232,150,-82
19,2017-09-12 20:00:00,25,21,-4
19,2017-09-12 22:00:00,2,6,4
19,2017-09-13 00:00:00,5,2,-3
19,2017-09-13 02:00:00,4,1,-3
19,2017-09-13 04:00:00,2,3,1
19,2017-09-13 06:00:00,40,81,41
19,2017-09-13 08:00:00,132,235,103
19,2017-09-13 10:00:00,102,86,-16
19,2017-09-13 12:00:00,95,88,-7
19,2017-09-13 14:00:00,76,82,6
19,2017-09-13 16:00:00,165,119,-46
19,2017-09-13 18:00:00,236,167,-69
19,2017-09-13 20:00:00,74,41,-33
19,2017-09-13 22:00:00,43,18,-25
19,2017-09-14 00:00:00,11,9,-2
19,2017-09-14 02:00:00,9,11,2
19,2017-09-14 04:00:00,3,4,1
19,2017-09-14 06:00:00,43,83,40
19,2017-09-14 08:00:00,117,218,101
19,2017-09-14 10:00:00,65,94,29
19,2017-09-14 12:00:00,98,104,6
19,2017-09-14 14:00:00,108,91,-17
19,2017-09-14 16:00:00,172,130,-42
19,2017-09-14 18:00:00,189,124,-65
19,2017-09-14 20:00:00,49,37,-12
19,2017-09-14 22:00:00,41,17,-24
19,2017-09-15 00:00:00,15,9,-6
19,2017-09-15 02:00:00,5,5,0
19,2017-09-15 04:00:00,4,1,-3
19,2017-09-15 06:00:00,37,81,44
19,2017-09-15 08:00:00,115,223,108
19,2017-09-15 10:00:00,66,103,37
19,2017-09-15 12:00:00,123,130,7
19,2017-09-15 14:00:00,106,125,19
19,2017-09-15 16:00:00,200,124,-76
19,2017-09-15 18:00:00,150,94,-56
19,2017-09-15 20:00:00,51,30,-21
19,2017-09-15 22:00:00,26,20,-6
19,2017-09-16 00:00:00,14,11,-3
19,2017-09-16 02:00:00,17,10,-7
19,2017-09-16 04:00:00,8,3,-5
19,2017-09-16 06:00:00,13,11,-2
19,2017-09-16 08:00:00,33,70,37
19,2017-09-16 10:00:00,99,128,29
19,2017-09-16 12:00:00,147,188,41
19,2017-09-16 14:00:00,155,163,8
19,2017-09-16 16:00:00,199,154,-45
19,2017-09-16 18:00:00,126,114,-12
19,2017-09-16 20:00:00,35,27,-8
19,2017-09-16 22:00:00,23,19,-4
19,2017-09-17 00:00:00,13,16,3
19,2017-09-17 02:00:00,10,1,-9
19,2017-09-17 04:00:00,1,1,0
19,2017-09-17 06:00:00,3,5,2
19,2017-09-17 08:00:00,16,30,14
19,2017-09-17 10:00:00,76,122,46
19,2017-09-17 12:00:00,175,182,7
19,2017-09-17 14:00:00,178,223,45
19,2017-09-17 16:00:00,251,213,-38
19,2017-09-17 18:00:00,151,103,-48
19,2017-09-17 20:00:00,40,32,-8
19,2017-09-17 22:00:00,31,19,-12
19,2017-09-18 00:00:00,10,5,-5
19,2017-09-18 02:00:00,3,0,-3
19,2017-09-18 04:00:00,2,1,-1
19,2017-09-18 06:00:00,40,84,44
19,2017-09-18 08:00:00,115,242,127
19,2017-09-18 10:00:00,69,70,1
19,2017-09-18 12:00:00,96,72,-24
19,2017-09-18 14:00:00,104,91,-13
19,2017-09-18 16:00:00,181,112,-69
19,2017-09-18 18:00:00,190,120,-70
19,2017-09-18 20:00:00,62,49,-13
19,2017-09-18 22:00:00,7,7,0
19,2017-09-19 00:00:00,8,1,-7
19,2017-09-19 02:00:00,6,1,-5
19,2017-09-19 04:00:00,6,2,-4
19,2017-09-19 06:00:00,36,96,60
19,2017-09-19 08:00:00,118,239,121
19,2017-09-19 10:00:00,78,85,7
19,2017-09-19 12:00:00,86,95,9
19,2017-09-19 14:00:00,107,117,10
19,2017-09-19 16:00:00,179,112,-67
19,2017-09-19 18:00:00,226,139,-87
19,2017-09-19 20:00:00,70,40,-30
19,2017-09-19 22:00:00,17,19,2
